 v-sweep         v(VIN)          i(VOUT)        
 0.00000000e+00  0.00000000e+00 -5.05572320e-07 
 1.00000000e-03  1.00000000e-03 -5.05572334e-07 
 2.00000000e-03  2.00000000e-03 -5.05572306e-07 
 3.00000000e-03  3.00000000e-03 -5.05572331e-07 
 4.00000000e-03  4.00000000e-03 -5.05572331e-07 
 5.00000000e-03  5.00000000e-03 -5.05572334e-07 
 6.00000000e-03  6.00000000e-03 -5.05572352e-07 
 7.00000000e-03  7.00000000e-03 -5.05572356e-07 
 8.00000000e-03  8.00000000e-03 -5.05572327e-07 
 9.00000000e-03  9.00000000e-03 -5.05572302e-07 
 1.00000000e-02  1.00000000e-02 -5.05572356e-07 
 1.10000000e-02  1.10000000e-02 -5.05572363e-07 
 1.20000000e-02  1.20000000e-02 -5.05572348e-07 
 1.30000000e-02  1.30000000e-02 -5.05572327e-07 
 1.40000000e-02  1.40000000e-02 -5.05572363e-07 
 1.50000000e-02  1.50000000e-02 -5.05572295e-07 
 1.60000000e-02  1.60000000e-02 -5.05572356e-07 
 1.70000000e-02  1.70000000e-02 -5.05572331e-07 
 1.80000000e-02  1.80000000e-02 -5.05572334e-07 
 1.90000000e-02  1.90000000e-02 -5.05572377e-07 
 2.00000000e-02  2.00000000e-02 -5.05572306e-07 
 2.10000000e-02  2.10000000e-02 -5.05572352e-07 
 2.20000000e-02  2.20000000e-02 -5.05572363e-07 
 2.30000000e-02  2.30000000e-02 -5.05572334e-07 
 2.40000000e-02  2.40000000e-02 -5.05572334e-07 
 2.50000000e-02  2.50000000e-02 -5.05572356e-07 
 2.60000000e-02  2.60000000e-02 -5.05572306e-07 
 2.70000000e-02  2.70000000e-02 -5.05572359e-07 
 2.80000000e-02  2.80000000e-02 -5.05572324e-07 
 2.90000000e-02  2.90000000e-02 -5.05572331e-07 
 3.00000000e-02  3.00000000e-02 -5.05572327e-07 
 3.10000000e-02  3.10000000e-02 -5.05572334e-07 
 3.20000000e-02  3.20000000e-02 -5.05572352e-07 
 3.30000000e-02  3.30000000e-02 -5.05572327e-07 
 3.40000000e-02  3.40000000e-02 -5.05572327e-07 
 3.50000000e-02  3.50000000e-02 -5.05572302e-07 
 3.60000000e-02  3.60000000e-02 -5.05572356e-07 
 3.70000000e-02  3.70000000e-02 -5.05572320e-07 
 3.80000000e-02  3.80000000e-02 -5.05572327e-07 
 3.90000000e-02  3.90000000e-02 -5.05572306e-07 
 4.00000000e-02  4.00000000e-02 -5.05572327e-07 
 4.10000000e-02  4.10000000e-02 -5.05572334e-07 
 4.20000000e-02  4.20000000e-02 -5.05572334e-07 
 4.30000000e-02  4.30000000e-02 -5.05572327e-07 
 4.40000000e-02  4.40000000e-02 -5.05572324e-07 
 4.50000000e-02  4.50000000e-02 -5.05572334e-07 
 4.60000000e-02  4.60000000e-02 -5.05572363e-07 
 4.70000000e-02  4.70000000e-02 -5.05572356e-07 
 4.80000000e-02  4.80000000e-02 -5.05572363e-07 
 4.90000000e-02  4.90000000e-02 -5.05572359e-07 
 5.00000000e-02  5.00000000e-02 -5.05572299e-07 
 5.10000000e-02  5.10000000e-02 -5.05572356e-07 
 5.20000000e-02  5.20000000e-02 -5.05572348e-07 
 5.30000000e-02  5.30000000e-02 -5.05572377e-07 
 5.40000000e-02  5.40000000e-02 -5.05572356e-07 
 5.50000000e-02  5.50000000e-02 -5.05572331e-07 
 5.60000000e-02  5.60000000e-02 -5.05572320e-07 
 5.70000000e-02  5.70000000e-02 -5.05572331e-07 
 5.80000000e-02  5.80000000e-02 -5.05572324e-07 
 5.90000000e-02  5.90000000e-02 -5.05572356e-07 
 6.00000000e-02  6.00000000e-02 -5.05572299e-07 
 6.10000000e-02  6.10000000e-02 -5.05572327e-07 
 6.20000000e-02  6.20000000e-02 -5.05572359e-07 
 6.30000000e-02  6.30000000e-02 -5.05572348e-07 
 6.40000000e-02  6.40000000e-02 -5.05572356e-07 
 6.50000000e-02  6.50000000e-02 -5.05572348e-07 
 6.60000000e-02  6.60000000e-02 -5.05572331e-07 
 6.70000000e-02  6.70000000e-02 -5.05572348e-07 
 6.80000000e-02  6.80000000e-02 -5.05572329e-07 
 6.90000000e-02  6.90000000e-02 -5.05572348e-07 
 7.00000000e-02  7.00000000e-02 -5.05572334e-07 
 7.10000000e-02  7.10000000e-02 -5.05572324e-07 
 7.20000000e-02  7.20000000e-02 -5.05572327e-07 
 7.30000000e-02  7.30000000e-02 -5.05572377e-07 
 7.40000000e-02  7.40000000e-02 -5.05572306e-07 
 7.50000000e-02  7.50000000e-02 -5.05572363e-07 
 7.60000000e-02  7.60000000e-02 -5.05572359e-07 
 7.70000000e-02  7.70000000e-02 -5.05572316e-07 
 7.80000000e-02  7.80000000e-02 -5.05572363e-07 
 7.90000000e-02  7.90000000e-02 -5.05572359e-07 
 8.00000000e-02  8.00000000e-02 -5.05572334e-07 
 8.10000000e-02  8.10000000e-02 -5.05572359e-07 
 8.20000000e-02  8.20000000e-02 -5.05572334e-07 
 8.30000000e-02  8.30000000e-02 -5.05572324e-07 
 8.40000000e-02  8.40000000e-02 -5.05572334e-07 
 8.50000000e-02  8.50000000e-02 -5.05572320e-07 
 8.60000000e-02  8.60000000e-02 -5.05572359e-07 
 8.70000000e-02  8.70000000e-02 -5.05572356e-07 
 8.80000000e-02  8.80000000e-02 -5.05572356e-07 
 8.90000000e-02  8.90000000e-02 -5.05572377e-07 
 9.00000000e-02  9.00000000e-02 -5.05572327e-07 
 9.10000000e-02  9.10000000e-02 -5.05572356e-07 
 9.20000000e-02  9.20000000e-02 -5.05572331e-07 
 9.30000000e-02  9.30000000e-02 -5.05572327e-07 
 9.40000000e-02  9.40000000e-02 -5.05572348e-07 
 9.50000000e-02  9.50000000e-02 -5.05572331e-07 
 9.60000000e-02  9.60000000e-02 -5.05572306e-07 
 9.70000000e-02  9.70000000e-02 -5.05572334e-07 
 9.80000000e-02  9.80000000e-02 -5.05572304e-07 
 9.90000000e-02  9.90000000e-02 -5.05572352e-07 
 1.00000000e-01  1.00000000e-01 -5.05572327e-07 
 1.01000000e-01  1.01000000e-01 -5.05572299e-07 
 1.02000000e-01  1.02000000e-01 -5.05572306e-07 
 1.03000000e-01  1.03000000e-01 -5.05572306e-07 
 1.04000000e-01  1.04000000e-01 -5.05572331e-07 
 1.05000000e-01  1.05000000e-01 -5.05572324e-07 
 1.06000000e-01  1.06000000e-01 -5.05572359e-07 
 1.07000000e-01  1.07000000e-01 -5.05572363e-07 
 1.08000000e-01  1.08000000e-01 -5.05572359e-07 
 1.09000000e-01  1.09000000e-01 -5.05572334e-07 
 1.10000000e-01  1.10000000e-01 -5.05572370e-07 
 1.11000000e-01  1.11000000e-01 -5.05572331e-07 
 1.12000000e-01  1.12000000e-01 -5.05572334e-07 
 1.13000000e-01  1.13000000e-01 -5.05572356e-07 
 1.14000000e-01  1.14000000e-01 -5.05572324e-07 
 1.15000000e-01  1.15000000e-01 -5.05572359e-07 
 1.16000000e-01  1.16000000e-01 -5.05572331e-07 
 1.17000000e-01  1.17000000e-01 -5.05572359e-07 
 1.18000000e-01  1.18000000e-01 -5.05572327e-07 
 1.19000000e-01  1.19000000e-01 -5.05572327e-07 
 1.20000000e-01  1.20000000e-01 -5.05572327e-07 
 1.21000000e-01  1.21000000e-01 -5.05572359e-07 
 1.22000000e-01  1.22000000e-01 -5.05572331e-07 
 1.23000000e-01  1.23000000e-01 -5.05572332e-07 
 1.24000000e-01  1.24000000e-01 -5.05572327e-07 
 1.25000000e-01  1.25000000e-01 -5.05572334e-07 
 1.26000000e-01  1.26000000e-01 -5.05572359e-07 
 1.27000000e-01  1.27000000e-01 -5.05572331e-07 
 1.28000000e-01  1.28000000e-01 -5.05572327e-07 
 1.29000000e-01  1.29000000e-01 -5.05572377e-07 
 1.30000000e-01  1.30000000e-01 -5.05572388e-07 
 1.31000000e-01  1.31000000e-01 -5.05572327e-07 
 1.32000000e-01  1.32000000e-01 -5.05572356e-07 
 1.33000000e-01  1.33000000e-01 -5.05572327e-07 
 1.34000000e-01  1.34000000e-01 -5.05572348e-07 
 1.35000000e-01  1.35000000e-01 -5.05572327e-07 
 1.36000000e-01  1.36000000e-01 -5.05572331e-07 
 1.37000000e-01  1.37000000e-01 -5.05572306e-07 
 1.38000000e-01  1.38000000e-01 -5.05572356e-07 
 1.39000000e-01  1.39000000e-01 -5.05572327e-07 
 1.40000000e-01  1.40000000e-01 -5.05572331e-07 
 1.41000000e-01  1.41000000e-01 -5.05572334e-07 
 1.42000000e-01  1.42000000e-01 -5.05572331e-07 
 1.43000000e-01  1.43000000e-01 -5.05572352e-07 
 1.44000000e-01  1.44000000e-01 -5.05572359e-07 
 1.45000000e-01  1.45000000e-01 -5.05572331e-07 
 1.46000000e-01  1.46000000e-01 -5.05572331e-07 
 1.47000000e-01  1.47000000e-01 -5.05572324e-07 
 1.48000000e-01  1.48000000e-01 -5.05572363e-07 
 1.49000000e-01  1.49000000e-01 -5.05572249e-07 
 1.50000000e-01  1.50000000e-01 -5.05572357e-07 
 1.51000000e-01  1.51000000e-01 -5.05572359e-07 
 1.52000000e-01  1.52000000e-01 -5.05572334e-07 
 1.53000000e-01  1.53000000e-01 -5.05572327e-07 
 1.54000000e-01  1.54000000e-01 -5.05572377e-07 
 1.55000000e-01  1.55000000e-01 -5.05572359e-07 
 1.56000000e-01  1.56000000e-01 -5.05572359e-07 
 1.57000000e-01  1.57000000e-01 -5.05572356e-07 
 1.58000000e-01  1.58000000e-01 -5.05572316e-07 
 1.59000000e-01  1.59000000e-01 -5.05572331e-07 
 1.60000000e-01  1.60000000e-01 -5.05572327e-07 
 1.61000000e-01  1.61000000e-01 -5.05572299e-07 
 1.62000000e-01  1.62000000e-01 -5.05572356e-07 
 1.63000000e-01  1.63000000e-01 -5.05572334e-07 
 1.64000000e-01  1.64000000e-01 -5.05572366e-07 
 1.65000000e-01  1.65000000e-01 -5.05572334e-07 
 1.66000000e-01  1.66000000e-01 -5.05572306e-07 
 1.67000000e-01  1.67000000e-01 -5.05572327e-07 
 1.68000000e-01  1.68000000e-01 -5.05572320e-07 
 1.69000000e-01  1.69000000e-01 -5.05572334e-07 
 1.70000000e-01  1.70000000e-01 -5.05572327e-07 
 1.71000000e-01  1.71000000e-01 -5.05572331e-07 
 1.72000000e-01  1.72000000e-01 -5.05572356e-07 
 1.73000000e-01  1.73000000e-01 -5.05572300e-07 
 1.74000000e-01  1.74000000e-01 -5.05572306e-07 
 1.75000000e-01  1.75000000e-01 -5.05572363e-07 
 1.76000000e-01  1.76000000e-01 -5.05572306e-07 
 1.77000000e-01  1.77000000e-01 -5.05572356e-07 
 1.78000000e-01  1.78000000e-01 -5.05572331e-07 
 1.79000000e-01  1.79000000e-01 -5.05572348e-07 
 1.80000000e-01  1.80000000e-01 -5.05572356e-07 
 1.81000000e-01  1.81000000e-01 -5.05572331e-07 
 1.82000000e-01  1.82000000e-01 -5.05572327e-07 
 1.83000000e-01  1.83000000e-01 -5.05572320e-07 
 1.84000000e-01  1.84000000e-01 -5.05572334e-07 
 1.85000000e-01  1.85000000e-01 -5.05572356e-07 
 1.86000000e-01  1.86000000e-01 -5.05572329e-07 
 1.87000000e-01  1.87000000e-01 -5.05572331e-07 
 1.88000000e-01  1.88000000e-01 -5.05572363e-07 
 1.89000000e-01  1.89000000e-01 -5.05572327e-07 
 1.90000000e-01  1.90000000e-01 -5.05572327e-07 
 1.91000000e-01  1.91000000e-01 -5.05572356e-07 
 1.92000000e-01  1.92000000e-01 -5.05572334e-07 
 1.93000000e-01  1.93000000e-01 -5.05572327e-07 
 1.94000000e-01  1.94000000e-01 -5.05572327e-07 
 1.95000000e-01  1.95000000e-01 -5.05572324e-07 
 1.96000000e-01  1.96000000e-01 -5.05572331e-07 
 1.97000000e-01  1.97000000e-01 -5.05572348e-07 
 1.98000000e-01  1.98000000e-01 -5.05572331e-07 
 1.99000000e-01  1.99000000e-01 -5.05572324e-07 
 2.00000000e-01  2.00000000e-01 -5.05572302e-07 
 2.01000000e-01  2.01000000e-01 -5.05572270e-07 
 2.02000000e-01  2.02000000e-01 -5.05572338e-07 
 2.03000000e-01  2.03000000e-01 -5.05572327e-07 
 2.04000000e-01  2.04000000e-01 -5.05572359e-07 
 2.05000000e-01  2.05000000e-01 -5.05572331e-07 
 2.06000000e-01  2.06000000e-01 -5.05572356e-07 
 2.07000000e-01  2.07000000e-01 -5.05572356e-07 
 2.08000000e-01  2.08000000e-01 -5.05572363e-07 
 2.09000000e-01  2.09000000e-01 -5.05572302e-07 
 2.10000000e-01  2.10000000e-01 -5.05572331e-07 
 2.11000000e-01  2.11000000e-01 -5.05572334e-07 
 2.12000000e-01  2.12000000e-01 -5.05572327e-07 
 2.13000000e-01  2.13000000e-01 -5.05572331e-07 
 2.14000000e-01  2.14000000e-01 -5.05572359e-07 
 2.15000000e-01  2.15000000e-01 -5.05572302e-07 
 2.16000000e-01  2.16000000e-01 -5.05572306e-07 
 2.17000000e-01  2.17000000e-01 -5.05572327e-07 
 2.18000000e-01  2.18000000e-01 -5.05572334e-07 
 2.19000000e-01  2.19000000e-01 -5.05572327e-07 
 2.20000000e-01  2.20000000e-01 -5.05572334e-07 
 2.21000000e-01  2.21000000e-01 -5.05572356e-07 
 2.22000000e-01  2.22000000e-01 -5.05572334e-07 
 2.23000000e-01  2.23000000e-01 -5.05572306e-07 
 2.24000000e-01  2.24000000e-01 -5.05572331e-07 
 2.25000000e-01  2.25000000e-01 -5.05572356e-07 
 2.26000000e-01  2.26000000e-01 -5.05572348e-07 
 2.27000000e-01  2.27000000e-01 -5.05572331e-07 
 2.28000000e-01  2.28000000e-01 -5.05572299e-07 
 2.29000000e-01  2.29000000e-01 -5.05572356e-07 
 2.30000000e-01  2.30000000e-01 -5.05572331e-07 
 2.31000000e-01  2.31000000e-01 -5.05572359e-07 
 2.32000000e-01  2.32000000e-01 -5.05572356e-07 
 2.33000000e-01  2.33000000e-01 -5.05572352e-07 
 2.34000000e-01  2.34000000e-01 -5.05572359e-07 
 2.35000000e-01  2.35000000e-01 -5.05572334e-07 
 2.36000000e-01  2.36000000e-01 -5.05572334e-07 
 2.37000000e-01  2.37000000e-01 -5.05572356e-07 
 2.38000000e-01  2.38000000e-01 -5.05572356e-07 
 2.39000000e-01  2.39000000e-01 -5.05572306e-07 
 2.40000000e-01  2.40000000e-01 -5.05572359e-07 
 2.41000000e-01  2.41000000e-01 -5.05572356e-07 
 2.42000000e-01  2.42000000e-01 -5.05572327e-07 
 2.43000000e-01  2.43000000e-01 -5.05572324e-07 
 2.44000000e-01  2.44000000e-01 -5.05572331e-07 
 2.45000000e-01  2.45000000e-01 -5.05572331e-07 
 2.46000000e-01  2.46000000e-01 -5.05572359e-07 
 2.47000000e-01  2.47000000e-01 -5.05572334e-07 
 2.48000000e-01  2.48000000e-01 -5.05572306e-07 
 2.49000000e-01  2.49000000e-01 -5.05572327e-07 
 2.50000000e-01  2.50000000e-01 -5.05572363e-07 
 2.51000000e-01  2.51000000e-01 -5.05572348e-07 
 2.52000000e-01  2.52000000e-01 -5.05572331e-07 
 2.53000000e-01  2.53000000e-01 -5.05572348e-07 
 2.54000000e-01  2.54000000e-01 -5.05572356e-07 
 2.55000000e-01  2.55000000e-01 -5.05572320e-07 
 2.56000000e-01  2.56000000e-01 -5.05572306e-07 
 2.57000000e-01  2.57000000e-01 -5.05572348e-07 
 2.58000000e-01  2.58000000e-01 -5.05572334e-07 
 2.59000000e-01  2.59000000e-01 -5.05572299e-07 
 2.60000000e-01  2.60000000e-01 -5.05572356e-07 
 2.61000000e-01  2.61000000e-01 -5.05572324e-07 
 2.62000000e-01  2.62000000e-01 -5.05572356e-07 
 2.63000000e-01  2.63000000e-01 -5.05572327e-07 
 2.64000000e-01  2.64000000e-01 -5.05572306e-07 
 2.65000000e-01  2.65000000e-01 -5.05572306e-07 
 2.66000000e-01  2.66000000e-01 -5.05572331e-07 
 2.67000000e-01  2.67000000e-01 -5.05572327e-07 
 2.68000000e-01  2.68000000e-01 -5.05572391e-07 
 2.69000000e-01  2.69000000e-01 -5.05572327e-07 
 2.70000000e-01  2.70000000e-01 -5.05572338e-07 
 2.71000000e-01  2.71000000e-01 -5.05572334e-07 
 2.72000000e-01  2.72000000e-01 -5.05572331e-07 
 2.73000000e-01  2.73000000e-01 -5.05572334e-07 
 2.74000000e-01  2.74000000e-01 -5.05572306e-07 
 2.75000000e-01  2.75000000e-01 -5.05572356e-07 
 2.76000000e-01  2.76000000e-01 -5.05572320e-07 
 2.77000000e-01  2.77000000e-01 -5.05572334e-07 
 2.78000000e-01  2.78000000e-01 -5.05572334e-07 
 2.79000000e-01  2.79000000e-01 -5.05572316e-07 
 2.80000000e-01  2.80000000e-01 -5.05572327e-07 
 2.81000000e-01  2.81000000e-01 -5.05572327e-07 
 2.82000000e-01  2.82000000e-01 -5.05572334e-07 
 2.83000000e-01  2.83000000e-01 -5.05572331e-07 
 2.84000000e-01  2.84000000e-01 -5.05572327e-07 
 2.85000000e-01  2.85000000e-01 -5.05572363e-07 
 2.86000000e-01  2.86000000e-01 -5.05572331e-07 
 2.87000000e-01  2.87000000e-01 -5.05572377e-07 
 2.88000000e-01  2.88000000e-01 -5.05572327e-07 
 2.89000000e-01  2.89000000e-01 -5.05572332e-07 
 2.90000000e-01  2.90000000e-01 -5.05572334e-07 
 2.91000000e-01  2.91000000e-01 -5.05572306e-07 
 2.92000000e-01  2.92000000e-01 -5.05572302e-07 
 2.93000000e-01  2.93000000e-01 -5.05572331e-07 
 2.94000000e-01  2.94000000e-01 -5.05572295e-07 
 2.95000000e-01  2.95000000e-01 -5.05572304e-07 
 2.96000000e-01  2.96000000e-01 -5.05572363e-07 
 2.97000000e-01  2.97000000e-01 -5.05572306e-07 
 2.98000000e-01  2.98000000e-01 -5.05572324e-07 
 2.99000000e-01  2.99000000e-01 -5.05572363e-07 
 3.00000000e-01  3.00000000e-01 -5.05572324e-07 
 3.01000000e-01  3.01000000e-01 -5.05572299e-07 
 3.02000000e-01  3.02000000e-01 -5.05572331e-07 
 3.03000000e-01  3.03000000e-01 -5.05572359e-07 
 3.04000000e-01  3.04000000e-01 -5.05572352e-07 
 3.05000000e-01  3.05000000e-01 -5.05572359e-07 
 3.06000000e-01  3.06000000e-01 -5.05572327e-07 
 3.07000000e-01  3.07000000e-01 -5.05572327e-07 
 3.08000000e-01  3.08000000e-01 -5.05572334e-07 
 3.09000000e-01  3.09000000e-01 -5.05572299e-07 
 3.10000000e-01  3.10000000e-01 -5.05572331e-07 
 3.11000000e-01  3.11000000e-01 -5.05572352e-07 
 3.12000000e-01  3.12000000e-01 -5.05572334e-07 
 3.13000000e-01  3.13000000e-01 -5.05572334e-07 
 3.14000000e-01  3.14000000e-01 -5.05572320e-07 
 3.15000000e-01  3.15000000e-01 -5.05572334e-07 
 3.16000000e-01  3.16000000e-01 -5.05572348e-07 
 3.17000000e-01  3.17000000e-01 -5.05572366e-07 
 3.18000000e-01  3.18000000e-01 -5.05572331e-07 
 3.19000000e-01  3.19000000e-01 -5.05572331e-07 
 3.20000000e-01  3.20000000e-01 -5.05572327e-07 
 3.21000000e-01  3.21000000e-01 -5.05572327e-07 
 3.22000000e-01  3.22000000e-01 -5.05572327e-07 
 3.23000000e-01  3.23000000e-01 -5.05572334e-07 
 3.24000000e-01  3.24000000e-01 -5.05572327e-07 
 3.25000000e-01  3.25000000e-01 -5.05572324e-07 
 3.26000000e-01  3.26000000e-01 -5.05572331e-07 
 3.27000000e-01  3.27000000e-01 -5.05572359e-07 
 3.28000000e-01  3.28000000e-01 -5.05572334e-07 
 3.29000000e-01  3.29000000e-01 -5.05572356e-07 
 3.30000000e-01  3.30000000e-01 -5.05572299e-07 
 3.31000000e-01  3.31000000e-01 -5.05572327e-07 
 3.32000000e-01  3.32000000e-01 -5.05572306e-07 
 3.33000000e-01  3.33000000e-01 -5.05572306e-07 
 3.34000000e-01  3.34000000e-01 -5.05572331e-07 
 3.35000000e-01  3.35000000e-01 -5.05572320e-07 
 3.36000000e-01  3.36000000e-01 -5.05572327e-07 
 3.37000000e-01  3.37000000e-01 -5.05572327e-07 
 3.38000000e-01  3.38000000e-01 -5.05572363e-07 
 3.39000000e-01  3.39000000e-01 -5.05572299e-07 
 3.40000000e-01  3.40000000e-01 -5.05572334e-07 
 3.41000000e-01  3.41000000e-01 -5.05572249e-07 
 3.42000000e-01  3.42000000e-01 -5.05572366e-07 
 3.43000000e-01  3.43000000e-01 -5.05572302e-07 
 3.44000000e-01  3.44000000e-01 -5.05572356e-07 
 3.45000000e-01  3.45000000e-01 -5.05572320e-07 
 3.46000000e-01  3.46000000e-01 -5.05572331e-07 
 3.47000000e-01  3.47000000e-01 -5.05572320e-07 
 3.48000000e-01  3.48000000e-01 -5.05572320e-07 
 3.49000000e-01  3.49000000e-01 -5.05572348e-07 
 3.50000000e-01  3.50000000e-01 -5.05572331e-07 
 3.51000000e-01  3.51000000e-01 -5.05572331e-07 
 3.52000000e-01  3.52000000e-01 -5.05572331e-07 
 3.53000000e-01  3.53000000e-01 -5.05572277e-07 
 3.54000000e-01  3.54000000e-01 -5.05572331e-07 
 3.55000000e-01  3.55000000e-01 -5.05572327e-07 
 3.56000000e-01  3.56000000e-01 -5.05572363e-07 
 3.57000000e-01  3.57000000e-01 -5.05572299e-07 
 3.58000000e-01  3.58000000e-01 -5.05572331e-07 
 3.59000000e-01  3.59000000e-01 -5.05572359e-07 
 3.60000000e-01  3.60000000e-01 -5.05572331e-07 
 3.61000000e-01  3.61000000e-01 -5.05572274e-07 
 3.62000000e-01  3.62000000e-01 -5.05572348e-07 
 3.63000000e-01  3.63000000e-01 -5.05572306e-07 
 3.64000000e-01  3.64000000e-01 -5.05572334e-07 
 3.65000000e-01  3.65000000e-01 -5.05572331e-07 
 3.66000000e-01  3.66000000e-01 -5.05572299e-07 
 3.67000000e-01  3.67000000e-01 -5.05572331e-07 
 3.68000000e-01  3.68000000e-01 -5.05572297e-07 
 3.69000000e-01  3.69000000e-01 -5.05572302e-07 
 3.70000000e-01  3.70000000e-01 -5.05572327e-07 
 3.71000000e-01  3.71000000e-01 -5.05572320e-07 
 3.72000000e-01  3.72000000e-01 -5.05572320e-07 
 3.73000000e-01  3.73000000e-01 -5.05572327e-07 
 3.74000000e-01  3.74000000e-01 -5.05572299e-07 
 3.75000000e-01  3.75000000e-01 -5.05572324e-07 
 3.76000000e-01  3.76000000e-01 -5.05572348e-07 
 3.77000000e-01  3.77000000e-01 -5.05572356e-07 
 3.78000000e-01  3.78000000e-01 -5.05572302e-07 
 3.79000000e-01  3.79000000e-01 -5.05572299e-07 
 3.80000000e-01  3.80000000e-01 -5.05572348e-07 
 3.81000000e-01  3.81000000e-01 -5.05572327e-07 
 3.82000000e-01  3.82000000e-01 -5.05572274e-07 
 3.83000000e-01  3.83000000e-01 -5.05572327e-07 
 3.84000000e-01  3.84000000e-01 -5.05572320e-07 
 3.85000000e-01  3.85000000e-01 -5.05572320e-07 
 3.86000000e-01  3.86000000e-01 -5.05572284e-07 
 3.87000000e-01  3.87000000e-01 -5.05572320e-07 
 3.88000000e-01  3.88000000e-01 -5.05572327e-07 
 3.89000000e-01  3.89000000e-01 -5.05572242e-07 
 3.90000000e-01  3.90000000e-01 -5.05572302e-07 
 3.91000000e-01  3.91000000e-01 -5.05572316e-07 
 3.92000000e-01  3.92000000e-01 -5.05572299e-07 
 3.93000000e-01  3.93000000e-01 -5.05572331e-07 
 3.94000000e-01  3.94000000e-01 -5.05572277e-07 
 3.95000000e-01  3.95000000e-01 -5.05572274e-07 
 3.96000000e-01  3.96000000e-01 -5.05572331e-07 
 3.97000000e-01  3.97000000e-01 -5.05572284e-07 
 3.98000000e-01  3.98000000e-01 -5.05572302e-07 
 3.99000000e-01  3.99000000e-01 -5.05572320e-07 
 4.00000000e-01  4.00000000e-01 -5.05572292e-07 
 4.01000000e-01  4.01000000e-01 -5.05572249e-07 
 4.02000000e-01  4.02000000e-01 -5.05572334e-07 
 4.03000000e-01  4.03000000e-01 -5.05572245e-07 
 4.04000000e-01  4.04000000e-01 -5.05572249e-07 
 4.05000000e-01  4.05000000e-01 -5.05572320e-07 
 4.06000000e-01  4.06000000e-01 -5.05572297e-07 
 4.07000000e-01  4.07000000e-01 -5.05572284e-07 
 4.08000000e-01  4.08000000e-01 -5.05572295e-07 
 4.09000000e-01  4.09000000e-01 -5.05572292e-07 
 4.10000000e-01  4.10000000e-01 -5.05572274e-07 
 4.11000000e-01  4.11000000e-01 -5.05572245e-07 
 4.12000000e-01  4.12000000e-01 -5.05572270e-07 
 4.13000000e-01  4.13000000e-01 -5.05572217e-07 
 4.14000000e-01  4.14000000e-01 -5.05572274e-07 
 4.15000000e-01  4.15000000e-01 -5.05572292e-07 
 4.16000000e-01  4.16000000e-01 -5.05572295e-07 
 4.17000000e-01  4.17000000e-01 -5.05572228e-07 
 4.18000000e-01  4.18000000e-01 -5.05572249e-07 
 4.19000000e-01  4.19000000e-01 -5.05572288e-07 
 4.20000000e-01  4.20000000e-01 -5.05572206e-07 
 4.21000000e-01  4.21000000e-01 -5.05572295e-07 
 4.22000000e-01  4.22000000e-01 -5.05572245e-07 
 4.23000000e-01  4.23000000e-01 -5.05572242e-07 
 4.24000000e-01  4.24000000e-01 -5.05572256e-07 
 4.25000000e-01  4.25000000e-01 -5.05572249e-07 
 4.26000000e-01  4.26000000e-01 -5.05572192e-07 
 4.27000000e-01  4.27000000e-01 -5.05572228e-07 
 4.28000000e-01  4.28000000e-01 -5.05572221e-07 
 4.29000000e-01  4.29000000e-01 -5.05572213e-07 
 4.30000000e-01  4.30000000e-01 -5.05572228e-07 
 4.31000000e-01  4.31000000e-01 -5.05572242e-07 
 4.32000000e-01  4.32000000e-01 -5.05572228e-07 
 4.33000000e-01  4.33000000e-01 -5.05572242e-07 
 4.34000000e-01  4.34000000e-01 -5.05572132e-07 
 4.35000000e-01  4.35000000e-01 -5.05572213e-07 
 4.36000000e-01  4.36000000e-01 -5.05572213e-07 
 4.37000000e-01  4.37000000e-01 -5.05572192e-07 
 4.38000000e-01  4.38000000e-01 -5.05572164e-07 
 4.39000000e-01  4.39000000e-01 -5.05572160e-07 
 4.40000000e-01  4.40000000e-01 -5.05572185e-07 
 4.41000000e-01  4.41000000e-01 -5.05572192e-07 
 4.42000000e-01  4.42000000e-01 -5.05572149e-07 
 4.43000000e-01  4.43000000e-01 -5.05572110e-07 
 4.44000000e-01  4.44000000e-01 -5.05572128e-07 
 4.45000000e-01  4.45000000e-01 -5.05572149e-07 
 4.46000000e-01  4.46000000e-01 -5.05572125e-07 
 4.47000000e-01  4.47000000e-01 -5.05572128e-07 
 4.48000000e-01  4.48000000e-01 -5.05572132e-07 
 4.49000000e-01  4.49000000e-01 -5.05572160e-07 
 4.50000000e-01  4.50000000e-01 -5.05572114e-07 
 4.51000000e-01  4.51000000e-01 -5.05572043e-07 
 4.52000000e-01  4.52000000e-01 -5.05572046e-07 
 4.53000000e-01  4.53000000e-01 -5.05572093e-07 
 4.54000000e-01  4.54000000e-01 -5.05572093e-07 
 4.55000000e-01  4.55000000e-01 -5.05572057e-07 
 4.56000000e-01  4.56000000e-01 -5.05572075e-07 
 4.57000000e-01  4.57000000e-01 -5.05572093e-07 
 4.58000000e-01  4.58000000e-01 -5.05572043e-07 
 4.59000000e-01  4.59000000e-01 -5.05572046e-07 
 4.60000000e-01  4.60000000e-01 -5.05571979e-07 
 4.61000000e-01  4.61000000e-01 -5.05571979e-07 
 4.62000000e-01  4.62000000e-01 -5.05572022e-07 
 4.63000000e-01  4.63000000e-01 -5.05571936e-07 
 4.64000000e-01  4.64000000e-01 -5.05571943e-07 
 4.65000000e-01  4.65000000e-01 -5.05571943e-07 
 4.66000000e-01  4.66000000e-01 -5.05571986e-07 
 4.67000000e-01  4.67000000e-01 -5.05571965e-07 
 4.68000000e-01  4.68000000e-01 -5.05571979e-07 
 4.69000000e-01  4.69000000e-01 -5.05571936e-07 
 4.70000000e-01  4.70000000e-01 -5.05571936e-07 
 4.71000000e-01  4.71000000e-01 -5.05571929e-07 
 4.72000000e-01  4.72000000e-01 -5.05571922e-07 
 4.73000000e-01  4.73000000e-01 -5.05571840e-07 
 4.74000000e-01  4.74000000e-01 -5.05571879e-07 
 4.75000000e-01  4.75000000e-01 -5.05571808e-07 
 4.76000000e-01  4.76000000e-01 -5.05571794e-07 
 4.77000000e-01  4.77000000e-01 -5.05571773e-07 
 4.78000000e-01  4.78000000e-01 -5.05571844e-07 
 4.79000000e-01  4.79000000e-01 -5.05571808e-07 
 4.80000000e-01  4.80000000e-01 -5.05571759e-07 
 4.81000000e-01  4.81000000e-01 -5.05571762e-07 
 4.82000000e-01  4.82000000e-01 -5.05571798e-07 
 4.83000000e-01  4.83000000e-01 -5.05571759e-07 
 4.84000000e-01  4.84000000e-01 -5.05571734e-07 
 4.85000000e-01  4.85000000e-01 -5.05571737e-07 
 4.86000000e-01  4.86000000e-01 -5.05571649e-07 
 4.87000000e-01  4.87000000e-01 -5.05571730e-07 
 4.88000000e-01  4.88000000e-01 -5.05571702e-07 
 4.89000000e-01  4.89000000e-01 -5.05571698e-07 
 4.90000000e-01  4.90000000e-01 -5.05571638e-07 
 4.91000000e-01  4.91000000e-01 -5.05571620e-07 
 4.92000000e-01  4.92000000e-01 -5.05571602e-07 
 4.93000000e-01  4.93000000e-01 -5.05571567e-07 
 4.94000000e-01  4.94000000e-01 -5.05571524e-07 
 4.95000000e-01  4.95000000e-01 -5.05571510e-07 
 4.96000000e-01  4.96000000e-01 -5.05571474e-07 
 4.97000000e-01  4.97000000e-01 -5.05571425e-07 
 4.98000000e-01  4.98000000e-01 -5.05571432e-07 
 4.99000000e-01  4.99000000e-01 -5.05571411e-07 
 5.00000000e-01  5.00000000e-01 -5.05571389e-07 
 5.01000000e-01  5.01000000e-01 -5.05571375e-07 
 5.02000000e-01  5.02000000e-01 -5.05571283e-07 
 5.03000000e-01  5.03000000e-01 -5.05571304e-07 
 5.04000000e-01  5.04000000e-01 -5.05571226e-07 
 5.05000000e-01  5.05000000e-01 -5.05571172e-07 
 5.06000000e-01  5.06000000e-01 -5.05571162e-07 
 5.07000000e-01  5.07000000e-01 -5.05571169e-07 
 5.08000000e-01  5.08000000e-01 -5.05571162e-07 
 5.09000000e-01  5.09000000e-01 -5.05571069e-07 
 5.10000000e-01  5.10000000e-01 -5.05571048e-07 
 5.11000000e-01  5.11000000e-01 -5.05571013e-07 
 5.12000000e-01  5.12000000e-01 -5.05570995e-07 
 5.13000000e-01  5.13000000e-01 -5.05571027e-07 
 5.14000000e-01  5.14000000e-01 -5.05570956e-07 
 5.15000000e-01  5.15000000e-01 -5.05570920e-07 
 5.16000000e-01  5.16000000e-01 -5.05570821e-07 
 5.17000000e-01  5.17000000e-01 -5.05570821e-07 
 5.18000000e-01  5.18000000e-01 -5.05570785e-07 
 5.19000000e-01  5.19000000e-01 -5.05570707e-07 
 5.20000000e-01  5.20000000e-01 -5.05570672e-07 
 5.21000000e-01  5.21000000e-01 -5.05570565e-07 
 5.22000000e-01  5.22000000e-01 -5.05570537e-07 
 5.23000000e-01  5.23000000e-01 -5.05570522e-07 
 5.24000000e-01  5.24000000e-01 -5.05570476e-07 
 5.25000000e-01  5.25000000e-01 -5.05570473e-07 
 5.26000000e-01  5.26000000e-01 -5.05570346e-07 
 5.27000000e-01  5.27000000e-01 -5.05570313e-07 
 5.28000000e-01  5.28000000e-01 -5.05570238e-07 
 5.29000000e-01  5.29000000e-01 -5.05570238e-07 
 5.30000000e-01  5.30000000e-01 -5.05570114e-07 
 5.31000000e-01  5.31000000e-01 -5.05569998e-07 
 5.32000000e-01  5.32000000e-01 -5.05569940e-07 
 5.33000000e-01  5.33000000e-01 -5.05569894e-07 
 5.34000000e-01  5.34000000e-01 -5.05569876e-07 
 5.35000000e-01  5.35000000e-01 -5.05569826e-07 
 5.36000000e-01  5.36000000e-01 -5.05569776e-07 
 5.37000000e-01  5.37000000e-01 -5.05569606e-07 
 5.38000000e-01  5.38000000e-01 -5.05569556e-07 
 5.39000000e-01  5.39000000e-01 -5.05569595e-07 
 5.40000000e-01  5.40000000e-01 -5.05569432e-07 
 5.41000000e-01  5.41000000e-01 -5.05569272e-07 
 5.42000000e-01  5.42000000e-01 -5.05569258e-07 
 5.43000000e-01  5.43000000e-01 -5.05569144e-07 
 5.44000000e-01  5.44000000e-01 -5.05569073e-07 
 5.45000000e-01  5.45000000e-01 -5.05568952e-07 
 5.46000000e-01  5.46000000e-01 -5.05568899e-07 
 5.47000000e-01  5.47000000e-01 -5.05568753e-07 
 5.48000000e-01  5.48000000e-01 -5.05568586e-07 
 5.49000000e-01  5.49000000e-01 -5.05568568e-07 
 5.50000000e-01  5.50000000e-01 -5.05568490e-07 
 5.51000000e-01  5.51000000e-01 -5.05568345e-07 
 5.52000000e-01  5.52000000e-01 -5.05568188e-07 
 5.53000000e-01  5.53000000e-01 -5.05568078e-07 
 5.54000000e-01  5.54000000e-01 -5.05568011e-07 
 5.55000000e-01  5.55000000e-01 -5.05567776e-07 
 5.56000000e-01  5.56000000e-01 -5.05567751e-07 
 5.57000000e-01  5.57000000e-01 -5.05567602e-07 
 5.58000000e-01  5.58000000e-01 -5.05567439e-07 
 5.59000000e-01  5.59000000e-01 -5.05567318e-07 
 5.60000000e-01  5.60000000e-01 -5.05567243e-07 
 5.61000000e-01  5.61000000e-01 -5.05567034e-07 
 5.62000000e-01  5.62000000e-01 -5.05566927e-07 
 5.63000000e-01  5.63000000e-01 -5.05566760e-07 
 5.64000000e-01  5.64000000e-01 -5.05566636e-07 
 5.65000000e-01  5.65000000e-01 -5.05566417e-07 
 5.66000000e-01  5.66000000e-01 -5.05566220e-07 
 5.67000000e-01  5.67000000e-01 -5.05566067e-07 
 5.68000000e-01  5.68000000e-01 -5.05565904e-07 
 5.69000000e-01  5.69000000e-01 -5.05565730e-07 
 5.70000000e-01  5.70000000e-01 -5.05565520e-07 
 5.71000000e-01  5.71000000e-01 -5.05565232e-07 
 5.72000000e-01  5.72000000e-01 -5.05565108e-07 
 5.73000000e-01  5.73000000e-01 -5.05564874e-07 
 5.74000000e-01  5.74000000e-01 -5.05564664e-07 
 5.75000000e-01  5.75000000e-01 -5.05564490e-07 
 5.76000000e-01  5.76000000e-01 -5.05564213e-07 
 5.77000000e-01  5.77000000e-01 -5.05564000e-07 
 5.78000000e-01  5.78000000e-01 -5.05563694e-07 
 5.79000000e-01  5.79000000e-01 -5.05563513e-07 
 5.80000000e-01  5.80000000e-01 -5.05563271e-07 
 5.81000000e-01  5.81000000e-01 -5.05563012e-07 
 5.82000000e-01  5.82000000e-01 -5.05562724e-07 
 5.83000000e-01  5.83000000e-01 -5.05562394e-07 
 5.84000000e-01  5.84000000e-01 -5.05562134e-07 
 5.85000000e-01  5.85000000e-01 -5.05561882e-07 
 5.86000000e-01  5.86000000e-01 -5.05561616e-07 
 5.87000000e-01  5.87000000e-01 -5.05561296e-07 
 5.88000000e-01  5.88000000e-01 -5.05560987e-07 
 5.89000000e-01  5.89000000e-01 -5.05560656e-07 
 5.90000000e-01  5.90000000e-01 -5.05560312e-07 
 5.91000000e-01  5.91000000e-01 -5.05559893e-07 
 5.92000000e-01  5.92000000e-01 -5.05559587e-07 
 5.93000000e-01  5.93000000e-01 -5.05559232e-07 
 5.94000000e-01  5.94000000e-01 -5.05558862e-07 
 5.95000000e-01  5.95000000e-01 -5.05558450e-07 
 5.96000000e-01  5.96000000e-01 -5.05558081e-07 
 5.97000000e-01  5.97000000e-01 -5.05557690e-07 
 5.98000000e-01  5.98000000e-01 -5.05557257e-07 
 5.99000000e-01  5.99000000e-01 -5.05556802e-07 
 6.00000000e-01  6.00000000e-01 -5.05556290e-07 
 6.01000000e-01  6.01000000e-01 -5.05555871e-07 
 6.02000000e-01  6.02000000e-01 -5.05555398e-07 
 6.03000000e-01  6.03000000e-01 -5.05554890e-07 
 6.04000000e-01  6.04000000e-01 -5.05554372e-07 
 6.05000000e-01  6.05000000e-01 -5.05553938e-07 
 6.06000000e-01  6.06000000e-01 -5.05553423e-07 
 6.07000000e-01  6.07000000e-01 -5.05552830e-07 
 6.08000000e-01  6.08000000e-01 -5.05552268e-07 
 6.09000000e-01  6.09000000e-01 -5.05551764e-07 
 6.10000000e-01  6.10000000e-01 -5.05551181e-07 
 6.11000000e-01  6.11000000e-01 -5.05550585e-07 
 6.12000000e-01  6.12000000e-01 -5.05549924e-07 
 6.13000000e-01  6.13000000e-01 -5.05549220e-07 
 6.14000000e-01  6.14000000e-01 -5.05548467e-07 
 6.15000000e-01  6.15000000e-01 -5.05547948e-07 
 6.16000000e-01  6.16000000e-01 -5.05547149e-07 
 6.17000000e-01  6.17000000e-01 -5.05546414e-07 
 6.18000000e-01  6.18000000e-01 -5.05545682e-07 
 6.19000000e-01  6.19000000e-01 -5.05544989e-07 
 6.20000000e-01  6.20000000e-01 -5.05544204e-07 
 6.21000000e-01  6.21000000e-01 -5.05543333e-07 
 6.22000000e-01  6.22000000e-01 -5.05542577e-07 
 6.23000000e-01  6.23000000e-01 -5.05541671e-07 
 6.24000000e-01  6.24000000e-01 -5.05540786e-07 
 6.25000000e-01  6.25000000e-01 -5.05539905e-07 
 6.26000000e-01  6.26000000e-01 -5.05538910e-07 
 6.27000000e-01  6.27000000e-01 -5.05538022e-07 
 6.28000000e-01  6.28000000e-01 -5.05537020e-07 
 6.29000000e-01  6.29000000e-01 -5.05536011e-07 
 6.30000000e-01  6.30000000e-01 -5.05534924e-07 
 6.31000000e-01  6.31000000e-01 -5.05533869e-07 
 6.32000000e-01  6.32000000e-01 -5.05532771e-07 
 6.33000000e-01  6.33000000e-01 -5.05531656e-07 
 6.34000000e-01  6.34000000e-01 -5.05530441e-07 
 6.35000000e-01  6.35000000e-01 -5.05529254e-07 
 6.36000000e-01  6.36000000e-01 -5.05527890e-07 
 6.37000000e-01  6.37000000e-01 -5.05526735e-07 
 6.38000000e-01  6.38000000e-01 -5.05525367e-07 
 6.39000000e-01  6.39000000e-01 -5.05524131e-07 
 6.40000000e-01  6.40000000e-01 -5.05522738e-07 
 6.41000000e-01  6.41000000e-01 -5.05521303e-07 
 6.42000000e-01  6.42000000e-01 -5.05519832e-07 
 6.43000000e-01  6.43000000e-01 -5.05518241e-07 
 6.44000000e-01  6.44000000e-01 -5.05516628e-07 
 6.45000000e-01  6.45000000e-01 -5.05515150e-07 
 6.46000000e-01  6.46000000e-01 -5.05513523e-07 
 6.47000000e-01  6.47000000e-01 -5.05511782e-07 
 6.48000000e-01  6.48000000e-01 -5.05510091e-07 
 6.49000000e-01  6.49000000e-01 -5.05508275e-07 
 6.50000000e-01  6.50000000e-01 -5.05506360e-07 
 6.51000000e-01  6.51000000e-01 -5.05504513e-07 
 6.52000000e-01  6.52000000e-01 -5.05502591e-07 
 6.53000000e-01  6.53000000e-01 -5.05500605e-07 
 6.54000000e-01  6.54000000e-01 -5.05498537e-07 
 6.55000000e-01  6.55000000e-01 -5.05496381e-07 
 6.56000000e-01  6.56000000e-01 -5.05494178e-07 
 6.57000000e-01  6.57000000e-01 -5.05491954e-07 
 6.58000000e-01  6.58000000e-01 -5.05489705e-07 
 6.59000000e-01  6.59000000e-01 -5.05487268e-07 
 6.60000000e-01  6.60000000e-01 -5.05484849e-07 
 6.61000000e-01  6.61000000e-01 -5.05482245e-07 
 6.62000000e-01  6.62000000e-01 -5.05479758e-07 
 6.63000000e-01  6.63000000e-01 -5.05477050e-07 
 6.64000000e-01  6.64000000e-01 -5.05474357e-07 
 6.65000000e-01  6.65000000e-01 -5.05471537e-07 
 6.66000000e-01  6.66000000e-01 -5.05468648e-07 
 6.67000000e-01  6.67000000e-01 -5.05465632e-07 
 6.68000000e-01  6.68000000e-01 -5.05462591e-07 
 6.69000000e-01  6.69000000e-01 -5.05459386e-07 
 6.70000000e-01  6.70000000e-01 -5.05456200e-07 
 6.71000000e-01  6.71000000e-01 -5.05452856e-07 
 6.72000000e-01  6.72000000e-01 -5.05449368e-07 
 6.73000000e-01  6.73000000e-01 -5.05445843e-07 
 6.74000000e-01  6.74000000e-01 -5.05442291e-07 
 6.75000000e-01  6.75000000e-01 -5.05438628e-07 
 6.76000000e-01  6.76000000e-01 -5.05434647e-07 
 6.77000000e-01  6.77000000e-01 -5.05430730e-07 
 6.78000000e-01  6.78000000e-01 -5.05426694e-07 
 6.79000000e-01  6.79000000e-01 -5.05422459e-07 
 6.80000000e-01  6.80000000e-01 -5.05418161e-07 
 6.81000000e-01  6.81000000e-01 -5.05413770e-07 
 6.82000000e-01  6.82000000e-01 -5.05409158e-07 
 6.83000000e-01  6.83000000e-01 -5.05404497e-07 
 6.84000000e-01  6.84000000e-01 -5.05399669e-07 
 6.85000000e-01  6.85000000e-01 -5.05394837e-07 
 6.86000000e-01  6.86000000e-01 -5.05389625e-07 
 6.87000000e-01  6.87000000e-01 -5.05384371e-07 
 6.88000000e-01  6.88000000e-01 -5.05378949e-07 
 6.89000000e-01  6.89000000e-01 -5.05373482e-07 
 6.90000000e-01  6.90000000e-01 -5.05367748e-07 
 6.91000000e-01  6.91000000e-01 -5.05361836e-07 
 6.92000000e-01  6.92000000e-01 -5.05355843e-07 
 6.93000000e-01  6.93000000e-01 -5.05349572e-07 
 6.94000000e-01  6.94000000e-01 -5.05343195e-07 
 6.95000000e-01  6.95000000e-01 -5.05336629e-07 
 6.96000000e-01  6.96000000e-01 -5.05329918e-07 
 6.97000000e-01  6.97000000e-01 -5.05322937e-07 
 6.98000000e-01  6.98000000e-01 -5.05315771e-07 
 6.99000000e-01  6.99000000e-01 -5.05308353e-07 
 7.00000000e-01  7.00000000e-01 -5.05300875e-07 
 7.01000000e-01  7.01000000e-01 -5.05293027e-07 
 7.02000000e-01  7.02000000e-01 -5.05284998e-07 
 7.03000000e-01  7.03000000e-01 -5.05276798e-07 
 7.04000000e-01  7.04000000e-01 -5.05268329e-07 
 7.05000000e-01  7.05000000e-01 -5.05259607e-07 
 7.06000000e-01  7.06000000e-01 -5.05250629e-07 
 7.07000000e-01  7.07000000e-01 -5.05241406e-07 
 7.08000000e-01  7.08000000e-01 -5.05231963e-07 
 7.09000000e-01  7.09000000e-01 -5.05222182e-07 
 7.10000000e-01  7.10000000e-01 -5.05212082e-07 
 7.11000000e-01  7.11000000e-01 -5.05201758e-07 
 7.12000000e-01  7.12000000e-01 -5.05191206e-07 
 7.13000000e-01  7.13000000e-01 -5.05180310e-07 
 7.14000000e-01  7.14000000e-01 -5.05168970e-07 
 7.15000000e-01  7.15000000e-01 -5.05157399e-07 
 7.16000000e-01  7.16000000e-01 -5.05145600e-07 
 7.17000000e-01  7.17000000e-01 -5.05133357e-07 
 7.18000000e-01  7.18000000e-01 -5.05120731e-07 
 7.19000000e-01  7.19000000e-01 -5.05107813e-07 
 7.20000000e-01  7.20000000e-01 -5.05094494e-07 
 7.21000000e-01  7.21000000e-01 -5.05080809e-07 
 7.22000000e-01  7.22000000e-01 -5.05066662e-07 
 7.23000000e-01  7.23000000e-01 -5.05052224e-07 
 7.24000000e-01  7.24000000e-01 -5.05037356e-07 
 7.25000000e-01  7.25000000e-01 -5.05022076e-07 
 7.26000000e-01  7.26000000e-01 -5.05006206e-07 
 7.27000000e-01  7.27000000e-01 -5.04990108e-07 
 7.28000000e-01  7.28000000e-01 -5.04973389e-07 
 7.29000000e-01  7.29000000e-01 -5.04956208e-07 
 7.30000000e-01  7.30000000e-01 -5.04938530e-07 
 7.31000000e-01  7.31000000e-01 -5.04920404e-07 
 7.32000000e-01  7.32000000e-01 -5.04901738e-07 
 7.33000000e-01  7.33000000e-01 -5.04882518e-07 
 7.34000000e-01  7.34000000e-01 -5.04862864e-07 
 7.35000000e-01  7.35000000e-01 -5.04842522e-07 
 7.36000000e-01  7.36000000e-01 -5.04821649e-07 
 7.37000000e-01  7.37000000e-01 -5.04800202e-07 
 7.38000000e-01  7.38000000e-01 -5.04778033e-07 
 7.39000000e-01  7.39000000e-01 -5.04755345e-07 
 7.40000000e-01  7.40000000e-01 -5.04731986e-07 
 7.41000000e-01  7.41000000e-01 -5.04707913e-07 
 7.42000000e-01  7.42000000e-01 -5.04683186e-07 
 7.43000000e-01  7.43000000e-01 -5.04657724e-07 
 7.44000000e-01  7.44000000e-01 -5.04631604e-07 
 7.45000000e-01  7.45000000e-01 -5.04604735e-07 
 7.46000000e-01  7.46000000e-01 -5.04577049e-07 
 7.47000000e-01  7.47000000e-01 -5.04548581e-07 
 7.48000000e-01  7.48000000e-01 -5.04519317e-07 
 7.49000000e-01  7.49000000e-01 -5.04489247e-07 
 7.50000000e-01  7.50000000e-01 -5.04458257e-07 
 7.51000000e-01  7.51000000e-01 -5.04426477e-07 
 7.52000000e-01  7.52000000e-01 -5.04393686e-07 
 7.53000000e-01  7.53000000e-01 -5.04360003e-07 
 7.54000000e-01  7.54000000e-01 -5.04325389e-07 
 7.55000000e-01  7.55000000e-01 -5.04289773e-07 
 7.56000000e-01  7.56000000e-01 -5.04253062e-07 
 7.57000000e-01  7.57000000e-01 -5.04215489e-07 
 7.58000000e-01  7.58000000e-01 -5.04176739e-07 
 7.59000000e-01  7.59000000e-01 -5.04136946e-07 
 7.60000000e-01  7.60000000e-01 -5.04095880e-07 
 7.61000000e-01  7.61000000e-01 -5.04053805e-07 
 7.62000000e-01  7.62000000e-01 -5.04010501e-07 
 7.63000000e-01  7.63000000e-01 -5.03965957e-07 
 7.64000000e-01  7.64000000e-01 -5.03920159e-07 
 7.65000000e-01  7.65000000e-01 -5.03872943e-07 
 7.66000000e-01  7.66000000e-01 -5.03824463e-07 
 7.67000000e-01  7.67000000e-01 -5.03774633e-07 
 7.68000000e-01  7.68000000e-01 -5.03723388e-07 
 7.69000000e-01  7.69000000e-01 -5.03670666e-07 
 7.70000000e-01  7.70000000e-01 -5.03616516e-07 
 7.71000000e-01  7.71000000e-01 -5.03560710e-07 
 7.72000000e-01  7.72000000e-01 -5.03503454e-07 
 7.73000000e-01  7.73000000e-01 -5.03444522e-07 
 7.74000000e-01  7.74000000e-01 -5.03383934e-07 
 7.75000000e-01  7.75000000e-01 -5.03321605e-07 
 7.76000000e-01  7.76000000e-01 -5.03257581e-07 
 7.77000000e-01  7.77000000e-01 -5.03191647e-07 
 7.78000000e-01  7.78000000e-01 -5.03123857e-07 
 7.79000000e-01  7.79000000e-01 -5.03054171e-07 
 7.80000000e-01  7.80000000e-01 -5.02982534e-07 
 7.81000000e-01  7.81000000e-01 -5.02908847e-07 
 7.82000000e-01  7.82000000e-01 -5.02833107e-07 
 7.83000000e-01  7.83000000e-01 -5.02755146e-07 
 7.84000000e-01  7.84000000e-01 -5.02675164e-07 
 7.85000000e-01  7.85000000e-01 -5.02592773e-07 
 7.86000000e-01  7.86000000e-01 -5.02508104e-07 
 7.87000000e-01  7.87000000e-01 -5.02421070e-07 
 7.88000000e-01  7.88000000e-01 -5.02331513e-07 
 7.89000000e-01  7.89000000e-01 -5.02239534e-07 
 7.90000000e-01  7.90000000e-01 -5.02144875e-07 
 7.91000000e-01  7.91000000e-01 -5.02047588e-07 
 7.92000000e-01  7.92000000e-01 -5.01947490e-07 
 7.93000000e-01  7.93000000e-01 -5.01844653e-07 
 7.94000000e-01  7.94000000e-01 -5.01739027e-07 
 7.95000000e-01  7.95000000e-01 -5.01630236e-07 
 7.96000000e-01  7.96000000e-01 -5.01518475e-07 
 7.97000000e-01  7.97000000e-01 -5.01403630e-07 
 7.98000000e-01  7.98000000e-01 -5.01285495e-07 
 7.99000000e-01  7.99000000e-01 -5.01164122e-07 
 8.00000000e-01  8.00000000e-01 -5.01039214e-07 
 8.01000000e-01  8.01000000e-01 -5.00910946e-07 
 8.02000000e-01  8.02000000e-01 -5.00778981e-07 
 8.03000000e-01  8.03000000e-01 -5.00643285e-07 
 8.04000000e-01  8.04000000e-01 -5.00503877e-07 
 8.05000000e-01  8.05000000e-01 -5.00360525e-07 
 8.06000000e-01  8.06000000e-01 -5.00213183e-07 
 8.07000000e-01  8.07000000e-01 -5.00061656e-07 
 8.08000000e-01  8.08000000e-01 -4.99906069e-07 
 8.09000000e-01  8.09000000e-01 -4.99745937e-07 
 8.10000000e-01  8.10000000e-01 -4.99581343e-07 
 8.11000000e-01  8.11000000e-01 -4.99412405e-07 
 8.12000000e-01  8.12000000e-01 -4.99238521e-07 
 8.13000000e-01  8.13000000e-01 -4.99059897e-07 
 8.14000000e-01  8.14000000e-01 -4.98876222e-07 
 8.15000000e-01  8.15000000e-01 -4.98687520e-07 
 8.16000000e-01  8.16000000e-01 -4.98493538e-07 
 8.17000000e-01  8.17000000e-01 -4.98294188e-07 
 8.18000000e-01  8.18000000e-01 -4.98089207e-07 
 8.19000000e-01  8.19000000e-01 -4.97878659e-07 
 8.20000000e-01  8.20000000e-01 -4.97662207e-07 
 8.21000000e-01  8.21000000e-01 -4.97439732e-07 
 8.22000000e-01  8.22000000e-01 -4.97211264e-07 
 8.23000000e-01  8.23000000e-01 -4.96976288e-07 
 8.24000000e-01  8.24000000e-01 -4.96734877e-07 
 8.25000000e-01  8.25000000e-01 -4.96486830e-07 
 8.26000000e-01  8.26000000e-01 -4.96231831e-07 
 8.27000000e-01  8.27000000e-01 -4.95969946e-07 
 8.28000000e-01  8.28000000e-01 -4.95700906e-07 
 8.29000000e-01  8.29000000e-01 -4.95424143e-07 
 8.30000000e-01  8.30000000e-01 -4.95140061e-07 
 8.31000000e-01  8.31000000e-01 -4.94848148e-07 
 8.32000000e-01  8.32000000e-01 -4.94548065e-07 
 8.33000000e-01  8.33000000e-01 -4.94239824e-07 
 8.34000000e-01  8.34000000e-01 -4.93923135e-07 
 8.35000000e-01  8.35000000e-01 -4.93597742e-07 
 8.36000000e-01  8.36000000e-01 -4.93263446e-07 
 8.37000000e-01  8.37000000e-01 -4.92920055e-07 
 8.38000000e-01  8.38000000e-01 -4.92567320e-07 
 8.39000000e-01  8.39000000e-01 -4.92204915e-07 
 8.40000000e-01  8.40000000e-01 -4.91832790e-07 
 8.41000000e-01  8.41000000e-01 -4.91450297e-07 
 8.42000000e-01  8.42000000e-01 -4.91057619e-07 
 8.43000000e-01  8.43000000e-01 -4.90654202e-07 
 8.44000000e-01  8.44000000e-01 -4.90239760e-07 
 8.45000000e-01  8.45000000e-01 -4.89814344e-07 
 8.46000000e-01  8.46000000e-01 -4.89377232e-07 
 8.47000000e-01  8.47000000e-01 -4.88928411e-07 
 8.48000000e-01  8.48000000e-01 -4.88467407e-07 
 8.49000000e-01  8.49000000e-01 -4.87994111e-07 
 8.50000000e-01  8.50000000e-01 -4.87508050e-07 
 8.51000000e-01  8.51000000e-01 -4.87008833e-07 
 8.52000000e-01  8.52000000e-01 -4.86496372e-07 
 8.53000000e-01  8.53000000e-01 -4.85970158e-07 
 8.54000000e-01  8.54000000e-01 -4.85429890e-07 
 8.55000000e-01  8.55000000e-01 -4.84875208e-07 
 8.56000000e-01  8.56000000e-01 -4.84305698e-07 
 8.57000000e-01  8.57000000e-01 -4.83721163e-07 
 8.58000000e-01  8.58000000e-01 -4.83121138e-07 
 8.59000000e-01  8.59000000e-01 -4.82505158e-07 
 8.60000000e-01  8.60000000e-01 -4.81872863e-07 
 8.61000000e-01  8.61000000e-01 -4.81223928e-07 
 8.62000000e-01  8.62000000e-01 -4.80557873e-07 
 8.63000000e-01  8.63000000e-01 -4.79874299e-07 
 8.64000000e-01  8.64000000e-01 -4.79172801e-07 
 8.65000000e-01  8.65000000e-01 -4.78452950e-07 
 8.66000000e-01  8.66000000e-01 -4.77714348e-07 
 8.67000000e-01  8.67000000e-01 -4.76956448e-07 
 8.68000000e-01  8.68000000e-01 -4.76178915e-07 
 8.69000000e-01  8.69000000e-01 -4.75381054e-07 
 8.70000000e-01  8.70000000e-01 -4.74562636e-07 
 8.71000000e-01  8.71000000e-01 -4.73723190e-07 
 8.72000000e-01  8.72000000e-01 -4.72861977e-07 
 8.73000000e-01  8.73000000e-01 -4.71978812e-07 
 8.74000000e-01  8.74000000e-01 -4.71072799e-07 
 8.75000000e-01  8.75000000e-01 -4.70143807e-07 
 8.76000000e-01  8.76000000e-01 -4.69191153e-07 
 8.77000000e-01  8.77000000e-01 -4.68214200e-07 
 8.78000000e-01  8.78000000e-01 -4.67212537e-07 
 8.79000000e-01  8.79000000e-01 -4.66185579e-07 
 8.80000000e-01  8.80000000e-01 -4.65132757e-07 
 8.81000000e-01  8.81000000e-01 -4.64053567e-07 
 8.82000000e-01  8.82000000e-01 -4.62947213e-07 
 8.83000000e-01  8.83000000e-01 -4.61813350e-07 
 8.84000000e-01  8.84000000e-01 -4.60651277e-07 
 8.85000000e-01  8.85000000e-01 -4.59460491e-07 
 8.86000000e-01  8.86000000e-01 -4.58240322e-07 
 8.87000000e-01  8.87000000e-01 -4.56990044e-07 
 8.88000000e-01  8.88000000e-01 -4.55709110e-07 
 8.89000000e-01  8.89000000e-01 -4.54396924e-07 
 8.90000000e-01  8.90000000e-01 -4.53052888e-07 
 8.91000000e-01  8.91000000e-01 -4.51676367e-07 
 8.92000000e-01  8.92000000e-01 -4.50266441e-07 
 8.93000000e-01  8.93000000e-01 -4.48822757e-07 
 8.94000000e-01  8.94000000e-01 -4.47344512e-07 
 8.95000000e-01  8.95000000e-01 -4.45831066e-07 
 8.96000000e-01  8.96000000e-01 -4.44281721e-07 
 8.97000000e-01  8.97000000e-01 -4.42695811e-07 
 8.98000000e-01  8.98000000e-01 -4.41072640e-07 
 8.99000000e-01  8.99000000e-01 -4.39411583e-07 
 9.00000000e-01  9.00000000e-01 -4.37711741e-07 
 9.01000000e-01  9.01000000e-01 -4.35972595e-07 
 9.02000000e-01  9.02000000e-01 -4.34193478e-07 
 9.03000000e-01  9.03000000e-01 -4.32373458e-07 
 9.04000000e-01  9.04000000e-01 -4.30511957e-07 
 9.05000000e-01  9.05000000e-01 -4.28608395e-07 
 9.06000000e-01  9.06000000e-01 -4.26661988e-07 
 9.07000000e-01  9.07000000e-01 -4.24671828e-07 
 9.08000000e-01  9.08000000e-01 -4.22637331e-07 
 9.09000000e-01  9.09000000e-01 -4.20557829e-07 
 9.10000000e-01  9.10000000e-01 -4.18432567e-07 
 9.11000000e-01  9.11000000e-01 -4.16260868e-07 
 9.12000000e-01  9.12000000e-01 -4.14042002e-07 
 9.13000000e-01  9.13000000e-01 -4.11775165e-07 
 9.14000000e-01  9.14000000e-01 -4.09459798e-07 
 9.15000000e-01  9.15000000e-01 -4.07095168e-07 
 9.16000000e-01  9.16000000e-01 -4.04680538e-07 
 9.17000000e-01  9.17000000e-01 -4.02215285e-07 
 9.18000000e-01  9.18000000e-01 -3.99698632e-07 
 9.19000000e-01  9.19000000e-01 -3.97130009e-07 
 9.20000000e-01  9.20000000e-01 -3.94508675e-07 
 9.21000000e-01  9.21000000e-01 -3.91834039e-07 
 9.22000000e-01  9.22000000e-01 -3.89105306e-07 
 9.23000000e-01  9.23000000e-01 -3.86322181e-07 
 9.24000000e-01  9.24000000e-01 -3.83483675e-07 
 9.25000000e-01  9.25000000e-01 -3.80589409e-07 
 9.26000000e-01  9.26000000e-01 -3.77638742e-07 
 9.27000000e-01  9.27000000e-01 -3.74631011e-07 
 9.28000000e-01  9.28000000e-01 -3.71565687e-07 
 9.29000000e-01  9.29000000e-01 -3.68442301e-07 
 9.30000000e-01  9.30000000e-01 -3.65260291e-07 
 9.31000000e-01  9.31000000e-01 -3.62019303e-07 
 9.32000000e-01  9.32000000e-01 -3.58718598e-07 
 9.33000000e-01  9.33000000e-01 -3.55357734e-07 
 9.34000000e-01  9.34000000e-01 -3.51936482e-07 
 9.35000000e-01  9.35000000e-01 -3.48454332e-07 
 9.36000000e-01  9.36000000e-01 -3.44910848e-07 
 9.37000000e-01  9.37000000e-01 -3.41305640e-07 
 9.38000000e-01  9.38000000e-01 -3.37638433e-07 
 9.39000000e-01  9.39000000e-01 -3.33909004e-07 
 9.40000000e-01  9.40000000e-01 -3.30117100e-07 
 9.41000000e-01  9.41000000e-01 -3.26262164e-07 
 9.42000000e-01  9.42000000e-01 -3.22344338e-07 
 9.43000000e-01  9.43000000e-01 -3.18363146e-07 
 9.44000000e-01  9.44000000e-01 -3.14318754e-07 
 9.45000000e-01  9.45000000e-01 -3.10210851e-07 
 9.46000000e-01  9.46000000e-01 -3.06039492e-07 
 9.47000000e-01  9.47000000e-01 -3.01804487e-07 
 9.48000000e-01  9.48000000e-01 -2.97505949e-07 
 9.49000000e-01  9.49000000e-01 -2.93143902e-07 
 9.50000000e-01  9.50000000e-01 -2.88718468e-07 
 9.51000000e-01  9.51000000e-01 -2.84229660e-07 
 9.52000000e-01  9.52000000e-01 -2.79677749e-07 
 9.53000000e-01  9.53000000e-01 -2.75062956e-07 
 9.54000000e-01  9.54000000e-01 -2.70385438e-07 
 9.55000000e-01  9.55000000e-01 -2.65645557e-07 
 9.56000000e-01  9.56000000e-01 -2.60843766e-07 
 9.57000000e-01  9.57000000e-01 -2.55980122e-07 
 9.58000000e-01  9.58000000e-01 -2.51055521e-07 
 9.59000000e-01  9.59000000e-01 -2.46070083e-07 
 9.60000000e-01  9.60000000e-01 -2.41024559e-07 
 9.61000000e-01  9.61000000e-01 -2.35919369e-07 
 9.62000000e-01  9.62000000e-01 -2.30755258e-07 
 9.63000000e-01  9.63000000e-01 -2.25532794e-07 
 9.64000000e-01  9.64000000e-01 -2.20252932e-07 
 9.65000000e-01  9.65000000e-01 -2.14916053e-07 
 9.66000000e-01  9.66000000e-01 -2.09523396e-07 
 9.67000000e-01  9.67000000e-01 -2.04075736e-07 
 9.68000000e-01  9.68000000e-01 -1.98573790e-07 
 9.69000000e-01  9.69000000e-01 -1.93018717e-07 
 9.70000000e-01  9.70000000e-01 -1.87411469e-07 
 9.71000000e-01  9.71000000e-01 -1.81753048e-07 
 9.72000000e-01  9.72000000e-01 -1.76044754e-07 
 9.73000000e-01  9.73000000e-01 -1.70287560e-07 
 9.74000000e-01  9.74000000e-01 -1.64482881e-07 
 9.75000000e-01  9.75000000e-01 -1.58631760e-07 
 9.76000000e-01  9.76000000e-01 -1.52735634e-07 
 9.77000000e-01  9.77000000e-01 -1.46795724e-07 
 9.78000000e-01  9.78000000e-01 -1.40813682e-07 
 9.79000000e-01  9.79000000e-01 -1.34790550e-07 
 9.80000000e-01  9.80000000e-01 -1.28728232e-07 
 9.81000000e-01  9.81000000e-01 -1.22627814e-07 
 9.82000000e-01  9.82000000e-01 -1.16491325e-07 
 9.83000000e-01  9.83000000e-01 -1.10319895e-07 
 9.84000000e-01  9.84000000e-01 -1.04115298e-07 
 9.85000000e-01  9.85000000e-01 -9.78795178e-08 
 9.86000000e-01  9.86000000e-01 -9.16137957e-08 
 9.87000000e-01  9.87000000e-01 -8.53200639e-08 
 9.88000000e-01  9.88000000e-01 -7.90000776e-08 
 9.89000000e-01  9.89000000e-01 -7.26556344e-08 
 9.90000000e-01  9.90000000e-01 -6.62884894e-08 
 9.91000000e-01  9.91000000e-01 -5.99005148e-08 
 9.92000000e-01  9.92000000e-01 -5.34935829e-08 
 9.93000000e-01  9.93000000e-01 -4.70694239e-08 
 9.94000000e-01  9.94000000e-01 -4.06302192e-08 
 9.95000000e-01  9.95000000e-01 -3.41777557e-08 
 9.96000000e-01  9.96000000e-01 -2.77137850e-08 
 9.97000000e-01  9.97000000e-01 -2.12405595e-08 
 9.98000000e-01  9.98000000e-01 -1.47597135e-08 
 9.99000000e-01  9.99000000e-01 -8.27344238e-09 
 1.00000000e+00  1.00000000e+00 -1.78360793e-09 
 1.00100000e+00  1.00100000e+00  4.70771511e-09 
 1.00200000e+00  1.00200000e+00  1.11987468e-08 
 1.00300000e+00  1.00300000e+00  1.76873733e-08 
 1.00400000e+00  1.00400000e+00  2.41716442e-08 
 1.00500000e+00  1.00500000e+00  3.06496339e-08 
 1.00600000e+00  1.00600000e+00  3.71193245e-08 
 1.00700000e+00  1.00700000e+00  4.35788330e-08 
 1.00800000e+00  1.00800000e+00  5.00262409e-08 
 1.00900000e+00  1.00900000e+00  5.64595375e-08 
 1.01000000e+00  1.01000000e+00  6.28769676e-08 
 1.01100000e+00  1.01100000e+00  6.92765205e-08 
 1.01200000e+00  1.01200000e+00  7.56563452e-08 
 1.01300000e+00  1.01300000e+00  8.20146902e-08 
 1.01400000e+00  1.01400000e+00  8.83495908e-08 
 1.01500000e+00  1.01500000e+00  9.46593310e-08 
 1.01600000e+00  1.01600000e+00  1.00942206e-07 
 1.01700000e+00  1.01700000e+00  1.07196318e-07 
 1.01800000e+00  1.01800000e+00  1.13420214e-07 
 1.01900000e+00  1.01900000e+00  1.19611951e-07 
 1.02000000e+00  1.02000000e+00  1.25770072e-07 
 1.02100000e+00  1.02100000e+00  1.31892843e-07 
 1.02200000e+00  1.02200000e+00  1.37978891e-07 
 1.02300000e+00  1.02300000e+00  1.44026451e-07 
 1.02400000e+00  1.02400000e+00  1.50034285e-07 
 1.02500000e+00  1.02500000e+00  1.56000624e-07 
 1.02600000e+00  1.02600000e+00  1.61924344e-07 
 1.02700000e+00  1.02700000e+00  1.67804121e-07 
 1.02800000e+00  1.02800000e+00  1.73638401e-07 
 1.02900000e+00  1.02900000e+00  1.79426024e-07 
 1.03000000e+00  1.03000000e+00  1.85165785e-07 
 1.03100000e+00  1.03100000e+00  1.90856557e-07 
 1.03200000e+00  1.03200000e+00  1.96497108e-07 
 1.03300000e+00  1.03300000e+00  2.02086309e-07 
 1.03400000e+00  1.03400000e+00  2.07623202e-07 
 1.03500000e+00  1.03500000e+00  2.13106865e-07 
 1.03600000e+00  1.03600000e+00  2.18536321e-07 
 1.03700000e+00  1.03700000e+00  2.23910643e-07 
 1.03800000e+00  1.03800000e+00  2.29228959e-07 
 1.03900000e+00  1.03900000e+00  2.34490436e-07 
 1.04000000e+00  1.04000000e+00  2.39694543e-07 
 1.04100000e+00  1.04100000e+00  2.44840358e-07 
 1.04200000e+00  1.04200000e+00  2.49927364e-07 
 1.04300000e+00  1.04300000e+00  2.54954873e-07 
 1.04400000e+00  1.04400000e+00  2.59922501e-07 
 1.04500000e+00  1.04500000e+00  2.64829428e-07 
 1.04600000e+00  1.04600000e+00  2.69675642e-07 
 1.04700000e+00  1.04700000e+00  2.74460280e-07 
 1.04800000e+00  1.04800000e+00  2.79183265e-07 
 1.04900000e+00  1.04900000e+00  2.83844255e-07 
 1.05000000e+00  1.05000000e+00  2.88442909e-07 
 1.05100000e+00  1.05100000e+00  2.92978957e-07 
 1.05200000e+00  1.05200000e+00  2.97452271e-07 
 1.05300000e+00  1.05300000e+00  3.01862659e-07 
 1.05400000e+00  1.05400000e+00  3.06210179e-07 
 1.05500000e+00  1.05500000e+00  3.10494606e-07 
 1.05600000e+00  1.05600000e+00  3.14716004e-07 
 1.05700000e+00  1.05700000e+00  3.18874260e-07 
 1.05800000e+00  1.05800000e+00  3.22969527e-07 
 1.05900000e+00  1.05900000e+00  3.27001974e-07 
 1.06000000e+00  1.06000000e+00  3.30971570e-07 
 1.06100000e+00  1.06100000e+00  3.34878568e-07 
 1.06200000e+00  1.06200000e+00  3.38723087e-07 
 1.06300000e+00  1.06300000e+00  3.42505444e-07 
 1.06400000e+00  1.06400000e+00  3.46225914e-07 
 1.06500000e+00  1.06500000e+00  3.49884637e-07 
 1.06600000e+00  1.06600000e+00  3.53482090e-07 
 1.06700000e+00  1.06700000e+00  3.57018532e-07 
 1.06800000e+00  1.06800000e+00  3.60494294e-07 
 1.06900000e+00  1.06900000e+00  3.63909923e-07 
 1.07000000e+00  1.07000000e+00  3.67265766e-07 
 1.07100000e+00  1.07100000e+00  3.70562191e-07 
 1.07200000e+00  1.07200000e+00  3.73799711e-07 
 1.07300000e+00  1.07300000e+00  3.76978839e-07 
 1.07400000e+00  1.07400000e+00  3.80100126e-07 
 1.07500000e+00  1.07500000e+00  3.83164064e-07 
 1.07600000e+00  1.07600000e+00  3.86171113e-07 
 1.07700000e+00  1.07700000e+00  3.89121947e-07 
 1.07800000e+00  1.07800000e+00  3.92017164e-07 
 1.07900000e+00  1.07900000e+00  3.94857235e-07 
 1.08000000e+00  1.08000000e+00  3.97642793e-07 
 1.08100000e+00  1.08100000e+00  4.00374592e-07 
 1.08200000e+00  1.08200000e+00  4.03053075e-07 
 1.08300000e+00  1.08300000e+00  4.05678978e-07 
 1.08400000e+00  1.08400000e+00  4.08253069e-07 
 1.08500000e+00  1.08500000e+00  4.10775666e-07 
 1.08600000e+00  1.08600000e+00  4.13247840e-07 
 1.08700000e+00  1.08700000e+00  4.15670090e-07 
 1.08800000e+00  1.08800000e+00  4.18043044e-07 
 1.08900000e+00  1.08900000e+00  4.20367467e-07 
 1.09000000e+00  1.09000000e+00  4.22644025e-07 
 1.09100000e+00  1.09100000e+00  4.24873353e-07 
 1.09200000e+00  1.09200000e+00  4.27056332e-07 
 1.09300000e+00  1.09300000e+00  4.29193555e-07 
 1.09400000e+00  1.09400000e+00  4.31285752e-07 
 1.09500000e+00  1.09500000e+00  4.33333391e-07 
 1.09600000e+00  1.09600000e+00  4.35337579e-07 
 1.09700000e+00  1.09700000e+00  4.37298812e-07 
 1.09800000e+00  1.09800000e+00  4.39217796e-07 
 1.09900000e+00  1.09900000e+00  4.41095292e-07 
 1.10000000e+00  1.10000000e+00  4.42931938e-07 
 1.10100000e+00  1.10100000e+00  4.44728503e-07 
 1.10200000e+00  1.10200000e+00  4.46485579e-07 
 1.10300000e+00  1.10300000e+00  4.48203991e-07 
 1.10400000e+00  1.10400000e+00  4.49884464e-07 
 1.10500000e+00  1.10500000e+00  4.51527516e-07 
 1.10600000e+00  1.10600000e+00  4.53133833e-07 
 1.10700000e+00  1.10700000e+00  4.54704267e-07 
 1.10800000e+00  1.10800000e+00  4.56239494e-07 
 1.10900000e+00  1.10900000e+00  4.57739855e-07 
 1.11000000e+00  1.11000000e+00  4.59206429e-07 
 1.11100000e+00  1.11100000e+00  4.60639793e-07 
 1.11200000e+00  1.11200000e+00  4.62040301e-07 
 1.11300000e+00  1.11300000e+00  4.63408899e-07 
 1.11400000e+00  1.11400000e+00  4.64746112e-07 
 1.11500000e+00  1.11500000e+00  4.66052523e-07 
 1.11600000e+00  1.11600000e+00  4.67328814e-07 
 1.11700000e+00  1.11700000e+00  4.68575632e-07 
 1.11800000e+00  1.11800000e+00  4.69793495e-07 
 1.11900000e+00  1.11900000e+00  4.70983171e-07 
 1.12000000e+00  1.12000000e+00  4.72145214e-07 
 1.12100000e+00  1.12100000e+00  4.73279901e-07 
 1.12200000e+00  1.12200000e+00  4.74388283e-07 
 1.12300000e+00  1.12300000e+00  4.75470586e-07 
 1.12400000e+00  1.12400000e+00  4.76527472e-07 
 1.12500000e+00  1.12500000e+00  4.77559503e-07 
 1.12600000e+00  1.12600000e+00  4.78567213e-07 
 1.12700000e+00  1.12700000e+00  4.79551264e-07 
 1.12800000e+00  1.12800000e+00  4.80511972e-07 
 1.12900000e+00  1.12900000e+00  4.81449884e-07 
 1.13000000e+00  1.13000000e+00  4.82365689e-07 
 1.13100000e+00  1.13100000e+00  4.83259669e-07 
 1.13200000e+00  1.13200000e+00  4.84132496e-07 
 1.13300000e+00  1.13300000e+00  4.84984522e-07 
 1.13400000e+00  1.13400000e+00  4.85816312e-07 
 1.13500000e+00  1.13500000e+00  4.86628263e-07 
 1.13600000e+00  1.13600000e+00  4.87420866e-07 
 1.13700000e+00  1.13700000e+00  4.88194644e-07 
 1.13800000e+00  1.13800000e+00  4.88949961e-07 
 1.13900000e+00  1.13900000e+00  4.89687203e-07 
 1.14000000e+00  1.14000000e+00  4.90406880e-07 
 1.14100000e+00  1.14100000e+00  4.91109354e-07 
 1.14200000e+00  1.14200000e+00  4.91795152e-07 
 1.14300000e+00  1.14300000e+00  4.92464416e-07 
 1.14400000e+00  1.14400000e+00  4.93117820e-07 
 1.14500000e+00  1.14500000e+00  4.93755614e-07 
 1.14600000e+00  1.14600000e+00  4.94378185e-07 
 1.14700000e+00  1.14700000e+00  4.94985983e-07 
 1.14800000e+00  1.14800000e+00  4.95579268e-07 
 1.14900000e+00  1.14900000e+00  4.96158435e-07 
 1.15000000e+00  1.15000000e+00  4.96723711e-07 
 1.15100000e+00  1.15100000e+00  4.97275668e-07 
 1.15200000e+00  1.15200000e+00  4.97814398e-07 
 1.15300000e+00  1.15300000e+00  4.98340537e-07 
 1.15400000e+00  1.15400000e+00  4.98853979e-07 
 1.15500000e+00  1.15500000e+00  4.99355419e-07 
 1.15600000e+00  1.15600000e+00  4.99845047e-07 
 1.15700000e+00  1.15700000e+00  5.00322873e-07 
 1.15800000e+00  1.15800000e+00  5.00789664e-07 
 1.15900000e+00  1.15900000e+00  5.01245378e-07 
 1.16000000e+00  1.16000000e+00  5.01690405e-07 
 1.16100000e+00  1.16100000e+00  5.02124937e-07 
 1.16200000e+00  1.16200000e+00  5.02549423e-07 
 1.16300000e+00  1.16300000e+00  5.02963875e-07 
 1.16400000e+00  1.16400000e+00  5.03368707e-07 
 1.16500000e+00  1.16500000e+00  5.03764223e-07 
 1.16600000e+00  1.16600000e+00  5.04150307e-07 
 1.16700000e+00  1.16700000e+00  5.04527605e-07 
 1.16800000e+00  1.16800000e+00  5.04896171e-07 
 1.16900000e+00  1.16900000e+00  5.05256285e-07 
 1.17000000e+00  1.17000000e+00  5.05608153e-07 
 1.17100000e+00  1.17100000e+00  5.05951800e-07 
 1.17200000e+00  1.17200000e+00  5.06287751e-07 
 1.17300000e+00  1.17300000e+00  5.06616043e-07 
 1.17400000e+00  1.17400000e+00  5.06936807e-07 
 1.17500000e+00  1.17500000e+00  5.07250338e-07 
 1.17600000e+00  1.17600000e+00  5.07556894e-07 
 1.17700000e+00  1.17700000e+00  5.07856413e-07 
 1.17800000e+00  1.17800000e+00  5.08149274e-07 
 1.17900000e+00  1.17900000e+00  5.08435523e-07 
 1.18000000e+00  1.18000000e+00  5.08715516e-07 
 1.18100000e+00  1.18100000e+00  5.08989341e-07 
 1.18200000e+00  1.18200000e+00  5.09257088e-07 
 1.18300000e+00  1.18300000e+00  5.09518795e-07 
 1.18400000e+00  1.18400000e+00  5.09774935e-07 
 1.18500000e+00  1.18500000e+00  5.10025469e-07 
 1.18600000e+00  1.18600000e+00  5.10270542e-07 
 1.18700000e+00  1.18700000e+00  5.10510269e-07 
 1.18800000e+00  1.18800000e+00  5.10744808e-07 
 1.18900000e+00  1.18900000e+00  5.10974438e-07 
 1.19000000e+00  1.19000000e+00  5.11199033e-07 
 1.19100000e+00  1.19100000e+00  5.11418936e-07 
 1.19200000e+00  1.19200000e+00  5.11634227e-07 
 1.19300000e+00  1.19300000e+00  5.11844963e-07 
 1.19400000e+00  1.19400000e+00  5.12051233e-07 
 1.19500000e+00  1.19500000e+00  5.12253276e-07 
 1.19600000e+00  1.19600000e+00  5.12451056e-07 
 1.19700000e+00  1.19700000e+00  5.12644817e-07 
 1.19800000e+00  1.19800000e+00  5.12834557e-07 
 1.19900000e+00  1.19900000e+00  5.13020460e-07 
 1.20000000e+00  1.20000000e+00  5.13202561e-07 
 1.20100000e+00  1.20100000e+00  5.13381000e-07 
 1.20200000e+00  1.20200000e+00  5.13555875e-07 
 1.20300000e+00  1.20300000e+00  5.13727269e-07 
 1.20400000e+00  1.20400000e+00  5.13895156e-07 
 1.20500000e+00  1.20500000e+00  5.14059767e-07 
 1.20600000e+00  1.20600000e+00  5.14221139e-07 
 1.20700000e+00  1.20700000e+00  5.14379526e-07 
 1.20800000e+00  1.20800000e+00  5.14534605e-07 
 1.20900000e+00  1.20900000e+00  5.14686807e-07 
 1.21000000e+00  1.21000000e+00  5.14836071e-07 
 1.21100000e+00  1.21100000e+00  5.14982446e-07 
 1.21200000e+00  1.21200000e+00  5.15125958e-07 
 1.21300000e+00  1.21300000e+00  5.15266972e-07 
 1.21400000e+00  1.21400000e+00  5.15405173e-07 
 1.21500000e+00  1.21500000e+00  5.15540822e-07 
 1.21600000e+00  1.21600000e+00  5.15673953e-07 
 1.21700000e+00  1.21700000e+00  5.15804800e-07 
 1.21800000e+00  1.21800000e+00  5.15933099e-07 
 1.21900000e+00  1.21900000e+00  5.16059050e-07 
 1.22000000e+00  1.22000000e+00  5.16182759e-07 
 1.22100000e+00  1.22100000e+00  5.16304137e-07 
 1.22200000e+00  1.22200000e+00  5.16423402e-07 
 1.22300000e+00  1.22300000e+00  5.16540599e-07 
 1.22400000e+00  1.22400000e+00  5.16655643e-07 
 1.22500000e+00  1.22500000e+00  5.16768697e-07 
 1.22600000e+00  1.22600000e+00  5.16879705e-07 
 1.22700000e+00  1.22700000e+00  5.16988859e-07 
 1.22800000e+00  1.22800000e+00  5.17096197e-07 
 1.22900000e+00  1.22900000e+00  5.17201496e-07 
 1.23000000e+00  1.23000000e+00  5.17305097e-07 
 1.23100000e+00  1.23100000e+00  5.17406935e-07 
 1.23200000e+00  1.23200000e+00  5.17507004e-07 
 1.23300000e+00  1.23300000e+00  5.17605400e-07 
 1.23400000e+00  1.23400000e+00  5.17702123e-07 
 1.23500000e+00  1.23500000e+00  5.17797250e-07 
 1.23600000e+00  1.23600000e+00  5.17890751e-07 
 1.23700000e+00  1.23700000e+00  5.17982805e-07 
 1.23800000e+00  1.23800000e+00  5.18073168e-07 
 1.23900000e+00  1.23900000e+00  5.18162171e-07 
 1.24000000e+00  1.24000000e+00  5.18249639e-07 
 1.24100000e+00  1.24100000e+00  5.18335831e-07 
 1.24200000e+00  1.24200000e+00  5.18420361e-07 
 1.24300000e+00  1.24300000e+00  5.18503821e-07 
 1.24400000e+00  1.24400000e+00  5.18585718e-07 
 1.24500000e+00  1.24500000e+00  5.18666294e-07 
 1.24600000e+00  1.24600000e+00  5.18745711e-07 
 1.24700000e+00  1.24700000e+00  5.18823772e-07 
 1.24800000e+00  1.24800000e+00  5.18900581e-07 
 1.24900000e+00  1.24900000e+00  5.18976286e-07 
 1.25000000e+00  1.25000000e+00  5.19050641e-07 
 1.25100000e+00  1.25100000e+00  5.19123784e-07 
 1.25200000e+00  1.25200000e+00  5.19195925e-07 
 1.25300000e+00  1.25300000e+00  5.19266830e-07 
 1.25400000e+00  1.25400000e+00  5.19336560e-07 
 1.25500000e+00  1.25500000e+00  5.19405280e-07 
 1.25600000e+00  1.25600000e+00  5.19472849e-07 
 1.25700000e+00  1.25700000e+00  5.19539412e-07 
 1.25800000e+00  1.25800000e+00  5.19604907e-07 
 1.25900000e+00  1.25900000e+00  5.19669360e-07 
 1.26000000e+00  1.26000000e+00  5.19732797e-07 
 1.26100000e+00  1.26100000e+00  5.19795179e-07 
 1.26200000e+00  1.26200000e+00  5.19856616e-07 
 1.26300000e+00  1.26300000e+00  5.19917105e-07 
 1.26400000e+00  1.26400000e+00  5.19976563e-07 
 1.26500000e+00  1.26500000e+00  5.20035197e-07 
 1.26600000e+00  1.26600000e+00  5.20092787e-07 
 1.26700000e+00  1.26700000e+00  5.20149477e-07 
 1.26800000e+00  1.26800000e+00  5.20205273e-07 
 1.26900000e+00  1.26900000e+00  5.20260119e-07 
 1.27000000e+00  1.27000000e+00  5.20314114e-07 
 1.27100000e+00  1.27100000e+00  5.20367305e-07 
 1.27200000e+00  1.27200000e+00  5.20419551e-07 
 1.27300000e+00  1.27300000e+00  5.20470913e-07 
 1.27400000e+00  1.27400000e+00  5.20521557e-07 
 1.27500000e+00  1.27500000e+00  5.20571181e-07 
 1.27600000e+00  1.27600000e+00  5.20620116e-07 
 1.27700000e+00  1.27700000e+00  5.20668237e-07 
 1.27800000e+00  1.27800000e+00  5.20715449e-07 
 1.27900000e+00  1.27900000e+00  5.20761919e-07 
 1.28000000e+00  1.28000000e+00  5.20807735e-07 
 1.28100000e+00  1.28100000e+00  5.20852563e-07 
 1.28200000e+00  1.28200000e+00  5.20896663e-07 
 1.28300000e+00  1.28300000e+00  5.20940066e-07 
 1.28400000e+00  1.28400000e+00  5.20982699e-07 
 1.28500000e+00  1.28500000e+00  5.21024585e-07 
 1.28600000e+00  1.28600000e+00  5.21065775e-07 
 1.28700000e+00  1.28700000e+00  5.21106163e-07 
 1.28800000e+00  1.28800000e+00  5.21145783e-07 
 1.28900000e+00  1.28900000e+00  5.21184823e-07 
 1.29000000e+00  1.29000000e+00  5.21222997e-07 
 1.29100000e+00  1.29100000e+00  5.21260581e-07 
 1.29200000e+00  1.29200000e+00  5.21297469e-07 
 1.29300000e+00  1.29300000e+00  5.21333590e-07 
 1.29400000e+00  1.29400000e+00  5.21369149e-07 
 1.29500000e+00  1.29500000e+00  5.21403987e-07 
 1.29600000e+00  1.29600000e+00  5.21438093e-07 
 1.29700000e+00  1.29700000e+00  5.21471559e-07 
 1.29800000e+00  1.29800000e+00  5.21504393e-07 
 1.29900000e+00  1.29900000e+00  5.21536691e-07 
 1.30000000e+00  1.30000000e+00  5.21568218e-07 
 1.30100000e+00  1.30100000e+00  5.21599095e-07 
 1.30200000e+00  1.30200000e+00  5.21629449e-07 
 1.30300000e+00  1.30300000e+00  5.21659121e-07 
 1.30400000e+00  1.30400000e+00  5.21688236e-07 
 1.30500000e+00  1.30500000e+00  5.21716689e-07 
 1.30600000e+00  1.30600000e+00  5.21744514e-07 
 1.30700000e+00  1.30700000e+00  5.21771842e-07 
 1.30800000e+00  1.30800000e+00  5.21798626e-07 
 1.30900000e+00  1.30900000e+00  5.21824763e-07 
 1.31000000e+00  1.31000000e+00  5.21850236e-07 
 1.31100000e+00  1.31100000e+00  5.21875279e-07 
 1.31200000e+00  1.31200000e+00  5.21899832e-07 
 1.31300000e+00  1.31300000e+00  5.21923649e-07 
 1.31400000e+00  1.31400000e+00  5.21947033e-07 
 1.31500000e+00  1.31500000e+00  5.21969884e-07 
 1.31600000e+00  1.31600000e+00  5.21992188e-07 
 1.31700000e+00  1.31700000e+00  5.22013995e-07 
 1.31800000e+00  1.31800000e+00  5.22035265e-07 
 1.31900000e+00  1.31900000e+00  5.22056009e-07 
 1.32000000e+00  1.32000000e+00  5.22076373e-07 
 1.32100000e+00  1.32100000e+00  5.22096038e-07 
 1.32200000e+00  1.32200000e+00  5.22115446e-07 
 1.32300000e+00  1.32300000e+00  5.22134332e-07 
 1.32400000e+00  1.32400000e+00  5.22152675e-07 
 1.32500000e+00  1.32500000e+00  5.22170602e-07 
 1.32600000e+00  1.32600000e+00  5.22188085e-07 
 1.32700000e+00  1.32700000e+00  5.22204999e-07 
 1.32800000e+00  1.32800000e+00  5.22221708e-07 
 1.32900000e+00  1.32900000e+00  5.22237816e-07 
 1.33000000e+00  1.33000000e+00  5.22253554e-07 
 1.33100000e+00  1.33100000e+00  5.22268945e-07 
 1.33200000e+00  1.33200000e+00  5.22283852e-07 
 1.33300000e+00  1.33300000e+00  5.22298226e-07 
 1.33400000e+00  1.33400000e+00  5.22312479e-07 
 1.33500000e+00  1.33500000e+00  5.22326296e-07 
 1.33600000e+00  1.33600000e+00  5.22339537e-07 
 1.33700000e+00  1.33700000e+00  5.22352565e-07 
 1.33800000e+00  1.33800000e+00  5.22365166e-07 
 1.33900000e+00  1.33900000e+00  5.22377473e-07 
 1.34000000e+00  1.34000000e+00  5.22389445e-07 
 1.34100000e+00  1.34100000e+00  5.22401027e-07 
 1.34200000e+00  1.34200000e+00  5.22412279e-07 
 1.34300000e+00  1.34300000e+00  5.22423246e-07 
 1.34400000e+00  1.34400000e+00  5.22433783e-07 
 1.34500000e+00  1.34500000e+00  5.22444168e-07 
 1.34600000e+00  1.34600000e+00  5.22454091e-07 
 1.34700000e+00  1.34700000e+00  5.22463885e-07 
 1.34800000e+00  1.34800000e+00  5.22473247e-07 
 1.34900000e+00  1.34900000e+00  5.22482399e-07 
 1.35000000e+00  1.35000000e+00  5.22491195e-07 
 1.35100000e+00  1.35100000e+00  5.22499814e-07 
 1.35200000e+00  1.35200000e+00  5.22508120e-07 
 1.35300000e+00  1.35300000e+00  5.22516192e-07 
 1.35400000e+00  1.35400000e+00  5.22523987e-07 
 1.35500000e+00  1.35500000e+00  5.22531554e-07 
 1.35600000e+00  1.35600000e+00  5.22538855e-07 
 1.35700000e+00  1.35700000e+00  5.22545950e-07 
 1.35800000e+00  1.35800000e+00  5.22552863e-07 
 1.35900000e+00  1.35900000e+00  5.22559464e-07 
 1.36000000e+00  1.36000000e+00  5.22565951e-07 
 1.36100000e+00  1.36100000e+00  5.22572197e-07 
 1.36200000e+00  1.36200000e+00  5.22578205e-07 
 1.36300000e+00  1.36300000e+00  5.22584042e-07 
 1.36400000e+00  1.36400000e+00  5.22589726e-07 
 1.36500000e+00  1.36500000e+00  5.22595112e-07 
 1.36600000e+00  1.36600000e+00  5.22600406e-07 
 1.36700000e+00  1.36700000e+00  5.22605497e-07 
 1.36800000e+00  1.36800000e+00  5.22610396e-07 
 1.36900000e+00  1.36900000e+00  5.22615156e-07 
 1.37000000e+00  1.37000000e+00  5.22619874e-07 
 1.37100000e+00  1.37100000e+00  5.22624287e-07 
 1.37200000e+00  1.37200000e+00  5.22628465e-07 
 1.37300000e+00  1.37300000e+00  5.22632678e-07 
 1.37400000e+00  1.37400000e+00  5.22636753e-07 
 1.37500000e+00  1.37500000e+00  5.22640544e-07 
 1.37600000e+00  1.37600000e+00  5.22644211e-07 
 1.37700000e+00  1.37700000e+00  5.22647941e-07 
 1.37800000e+00  1.37800000e+00  5.22651330e-07 
 1.37900000e+00  1.37900000e+00  5.22654741e-07 
 1.38000000e+00  1.38000000e+00  5.22657903e-07 
 1.38100000e+00  1.38100000e+00  5.22661043e-07 
 1.38200000e+00  1.38200000e+00  5.22664106e-07 
 1.38300000e+00  1.38300000e+00  5.22666998e-07 
 1.38400000e+00  1.38400000e+00  5.22669858e-07 
 1.38500000e+00  1.38500000e+00  5.22672526e-07 
 1.38600000e+00  1.38600000e+00  5.22675126e-07 
 1.38700000e+00  1.38700000e+00  5.22677649e-07 
 1.38800000e+00  1.38800000e+00  5.22680079e-07 
 1.38900000e+00  1.38900000e+00  5.22682424e-07 
 1.39000000e+00  1.39000000e+00  5.22684633e-07 
 1.39100000e+00  1.39100000e+00  5.22686747e-07 
 1.39200000e+00  1.39200000e+00  5.22688875e-07 
 1.39300000e+00  1.39300000e+00  5.22690897e-07 
 1.39400000e+00  1.39400000e+00  5.22692876e-07 
 1.39500000e+00  1.39500000e+00  5.22694734e-07 
 1.39600000e+00  1.39600000e+00  5.22696457e-07 
 1.39700000e+00  1.39700000e+00  5.22698237e-07 
 1.39800000e+00  1.39800000e+00  5.22699910e-07 
 1.39900000e+00  1.39900000e+00  5.22701580e-07 
 1.40000000e+00  1.40000000e+00  5.22703093e-07 
 1.40100000e+00  1.40100000e+00  5.22704550e-07 
 1.40200000e+00  1.40200000e+00  5.22705911e-07 
 1.40300000e+00  1.40300000e+00  5.22707428e-07 
 1.40400000e+00  1.40400000e+00  5.22708746e-07 
 1.40500000e+00  1.40500000e+00  5.22709971e-07 
 1.40600000e+00  1.40600000e+00  5.22711186e-07 
 1.40700000e+00  1.40700000e+00  5.22712401e-07 
 1.40800000e+00  1.40800000e+00  5.22713524e-07 
 1.40900000e+00  1.40900000e+00  5.22714554e-07 
 1.41000000e+00  1.41000000e+00  5.22715762e-07 
 1.41100000e+00  1.41100000e+00  5.22716782e-07 
 1.41200000e+00  1.41200000e+00  5.22717730e-07 
 1.41300000e+00  1.41300000e+00  5.22718587e-07 
 1.41400000e+00  1.41400000e+00  5.22719521e-07 
 1.41500000e+00  1.41500000e+00  5.22720427e-07 
 1.41600000e+00  1.41600000e+00  5.22721297e-07 
 1.41700000e+00  1.41700000e+00  5.22722043e-07 
 1.41800000e+00  1.41800000e+00  5.22722836e-07 
 1.41900000e+00  1.41900000e+00  5.22723578e-07 
 1.42000000e+00  1.42000000e+00  5.22724285e-07 
 1.42100000e+00  1.42100000e+00  5.22725049e-07 
 1.42200000e+00  1.42200000e+00  5.22725610e-07 
 1.42300000e+00  1.42300000e+00  5.22726225e-07 
 1.42400000e+00  1.42400000e+00  5.22726904e-07 
 1.42500000e+00  1.42500000e+00  5.22727515e-07 
 1.42600000e+00  1.42600000e+00  5.22728154e-07 
 1.42700000e+00  1.42700000e+00  5.22728609e-07 
 1.42800000e+00  1.42800000e+00  5.22729099e-07 
 1.42900000e+00  1.42900000e+00  5.22729582e-07 
 1.43000000e+00  1.43000000e+00  5.22730094e-07 
 1.43100000e+00  1.43100000e+00  5.22730563e-07 
 1.43200000e+00  1.43200000e+00  5.22731078e-07 
 1.43300000e+00  1.43300000e+00  5.22731430e-07 
 1.43400000e+00  1.43400000e+00  5.22731884e-07 
 1.43500000e+00  1.43500000e+00  5.22732211e-07 
 1.43600000e+00  1.43600000e+00  5.22732609e-07 
 1.43700000e+00  1.43700000e+00  5.22732972e-07 
 1.43800000e+00  1.43800000e+00  5.22733369e-07 
 1.43900000e+00  1.43900000e+00  5.22733661e-07 
 1.44000000e+00  1.44000000e+00  5.22733938e-07 
 1.44100000e+00  1.44100000e+00  5.22734322e-07 
 1.44200000e+00  1.44200000e+00  5.22734606e-07 
 1.44300000e+00  1.44300000e+00  5.22734943e-07 
 1.44400000e+00  1.44400000e+00  5.22735160e-07 
 1.44500000e+00  1.44500000e+00  5.22735395e-07 
 1.44600000e+00  1.44600000e+00  5.22735693e-07 
 1.44700000e+00  1.44700000e+00  5.22735885e-07 
 1.44800000e+00  1.44800000e+00  5.22736077e-07 
 1.44900000e+00  1.44900000e+00  5.22736368e-07 
 1.45000000e+00  1.45000000e+00  5.22736588e-07 
 1.45100000e+00  1.45100000e+00  5.22736858e-07 
 1.45200000e+00  1.45200000e+00  5.22737032e-07 
 1.45300000e+00  1.45300000e+00  5.22737228e-07 
 1.45400000e+00  1.45400000e+00  5.22737349e-07 
 1.45500000e+00  1.45500000e+00  5.22737597e-07 
 1.45600000e+00  1.45600000e+00  5.22737746e-07 
 1.45700000e+00  1.45700000e+00  5.22737935e-07 
 1.45800000e+00  1.45800000e+00  5.22738105e-07 
 1.45900000e+00  1.45900000e+00  5.22738169e-07 
 1.46000000e+00  1.46000000e+00  5.22738336e-07 
 1.46100000e+00  1.46100000e+00  5.22738500e-07 
 1.46200000e+00  1.46200000e+00  5.22738585e-07 
 1.46300000e+00  1.46300000e+00  5.22738706e-07 
 1.46400000e+00  1.46400000e+00  5.22738883e-07 
 1.46500000e+00  1.46500000e+00  5.22739040e-07 
 1.46600000e+00  1.46600000e+00  5.22739118e-07 
 1.46700000e+00  1.46700000e+00  5.22739246e-07 
 1.46800000e+00  1.46800000e+00  5.22739324e-07 
 1.46900000e+00  1.46900000e+00  5.22739430e-07 
 1.47000000e+00  1.47000000e+00  5.22739580e-07 
 1.47100000e+00  1.47100000e+00  5.22739590e-07 
 1.47200000e+00  1.47200000e+00  5.22739732e-07 
 1.47300000e+00  1.47300000e+00  5.22739793e-07 
 1.47400000e+00  1.47400000e+00  5.22739978e-07 
 1.47500000e+00  1.47500000e+00  5.22740038e-07 
 1.47600000e+00  1.47600000e+00  5.22740070e-07 
 1.47700000e+00  1.47700000e+00  5.22740130e-07 
 1.47800000e+00  1.47800000e+00  5.22740233e-07 
 1.47900000e+00  1.47900000e+00  5.22740340e-07 
 1.48000000e+00  1.48000000e+00  5.22740340e-07 
 1.48100000e+00  1.48100000e+00  5.22740375e-07 
 1.48200000e+00  1.48200000e+00  5.22740457e-07 
 1.48300000e+00  1.48300000e+00  5.22740514e-07 
 1.48400000e+00  1.48400000e+00  5.22740546e-07 
 1.48500000e+00  1.48500000e+00  5.22740581e-07 
 1.48600000e+00  1.48600000e+00  5.22740624e-07 
 1.48700000e+00  1.48700000e+00  5.22740716e-07 
 1.48800000e+00  1.48800000e+00  5.22740695e-07 
 1.48900000e+00  1.48900000e+00  5.22740773e-07 
 1.49000000e+00  1.49000000e+00  5.22740830e-07 
 1.49100000e+00  1.49100000e+00  5.22740894e-07 
 1.49200000e+00  1.49200000e+00  5.22740976e-07 
 1.49300000e+00  1.49300000e+00  5.22741004e-07 
 1.49400000e+00  1.49400000e+00  5.22741022e-07 
 1.49500000e+00  1.49500000e+00  5.22741079e-07 
 1.49600000e+00  1.49600000e+00  5.22741143e-07 
 1.49700000e+00  1.49700000e+00  5.22741157e-07 
 1.49800000e+00  1.49800000e+00  5.22741164e-07 
 1.49900000e+00  1.49900000e+00  5.22741200e-07 
 1.50000000e+00  1.50000000e+00  5.22741214e-07 
 1.50100000e+00  1.50100000e+00  5.22741232e-07 
 1.50200000e+00  1.50200000e+00  5.22741363e-07 
 1.50300000e+00  1.50300000e+00  5.22741317e-07 
 1.50400000e+00  1.50400000e+00  5.22741349e-07 
 1.50500000e+00  1.50500000e+00  5.22741345e-07 
 1.50600000e+00  1.50600000e+00  5.22741381e-07 
 1.50700000e+00  1.50700000e+00  5.22741423e-07 
 1.50800000e+00  1.50800000e+00  5.22741441e-07 
 1.50900000e+00  1.50900000e+00  5.22741477e-07 
 1.51000000e+00  1.51000000e+00  5.22741487e-07 
 1.51100000e+00  1.51100000e+00  5.22741491e-07 
 1.51200000e+00  1.51200000e+00  5.22741498e-07 
 1.51300000e+00  1.51300000e+00  5.22741519e-07 
 1.51400000e+00  1.51400000e+00  5.22741527e-07 
 1.51500000e+00  1.51500000e+00  5.22741534e-07 
 1.51600000e+00  1.51600000e+00  5.22741548e-07 
 1.51700000e+00  1.51700000e+00  5.22741555e-07 
 1.51800000e+00  1.51800000e+00  5.22741555e-07 
 1.51900000e+00  1.51900000e+00  5.22741619e-07 
 1.52000000e+00  1.52000000e+00  5.22741683e-07 
 1.52100000e+00  1.52100000e+00  5.22741690e-07 
 1.52200000e+00  1.52200000e+00  5.22741704e-07 
 1.52300000e+00  1.52300000e+00  5.22741718e-07 
 1.52400000e+00  1.52400000e+00  5.22741711e-07 
 1.52500000e+00  1.52500000e+00  5.22741725e-07 
 1.52600000e+00  1.52600000e+00  5.22741789e-07 
 1.52700000e+00  1.52700000e+00  5.22741779e-07 
 1.52800000e+00  1.52800000e+00  5.22741797e-07 
 1.52900000e+00  1.52900000e+00  5.22741750e-07 
 1.53000000e+00  1.53000000e+00  5.22741743e-07 
 1.53100000e+00  1.53100000e+00  5.22741818e-07 
 1.53200000e+00  1.53200000e+00  5.22741761e-07 
 1.53300000e+00  1.53300000e+00  5.22741818e-07 
 1.53400000e+00  1.53400000e+00  5.22741818e-07 
 1.53500000e+00  1.53500000e+00  5.22741807e-07 
 1.53600000e+00  1.53600000e+00  5.22741811e-07 
 1.53700000e+00  1.53700000e+00  5.22741853e-07 
 1.53800000e+00  1.53800000e+00  5.22741832e-07 
 1.53900000e+00  1.53900000e+00  5.22741853e-07 
 1.54000000e+00  1.54000000e+00  5.22741832e-07 
 1.54100000e+00  1.54100000e+00  5.22741853e-07 
 1.54200000e+00  1.54200000e+00  5.22741882e-07 
 1.54300000e+00  1.54300000e+00  5.22741860e-07 
 1.54400000e+00  1.54400000e+00  5.22741860e-07 
 1.54500000e+00  1.54500000e+00  5.22741857e-07 
 1.54600000e+00  1.54600000e+00  5.22741864e-07 
 1.54700000e+00  1.54700000e+00  5.22741860e-07 
 1.54800000e+00  1.54800000e+00  5.22741860e-07 
 1.54900000e+00  1.54900000e+00  5.22741907e-07 
 1.55000000e+00  1.55000000e+00  5.22741885e-07 
 1.55100000e+00  1.55100000e+00  5.22741885e-07 
 1.55200000e+00  1.55200000e+00  5.22741917e-07 
 1.55300000e+00  1.55300000e+00  5.22741942e-07 
 1.55400000e+00  1.55400000e+00  5.22741942e-07 
 1.55500000e+00  1.55500000e+00  5.22741946e-07 
 1.55600000e+00  1.55600000e+00  5.22741967e-07 
 1.55700000e+00  1.55700000e+00  5.22741946e-07 
 1.55800000e+00  1.55800000e+00  5.22741939e-07 
 1.55900000e+00  1.55900000e+00  5.22741967e-07 
 1.56000000e+00  1.56000000e+00  5.22741942e-07 
 1.56100000e+00  1.56100000e+00  5.22741963e-07 
 1.56200000e+00  1.56200000e+00  5.22741896e-07 
 1.56300000e+00  1.56300000e+00  5.22741960e-07 
 1.56400000e+00  1.56400000e+00  5.22741946e-07 
 1.56500000e+00  1.56500000e+00  5.22741963e-07 
 1.56600000e+00  1.56600000e+00  5.22741967e-07 
 1.56700000e+00  1.56700000e+00  5.22741967e-07 
 1.56800000e+00  1.56800000e+00  5.22741967e-07 
 1.56900000e+00  1.56900000e+00  5.22741967e-07 
 1.57000000e+00  1.57000000e+00  5.22741971e-07 
 1.57100000e+00  1.57100000e+00  5.22741971e-07 
 1.57200000e+00  1.57200000e+00  5.22741971e-07 
 1.57300000e+00  1.57300000e+00  5.22741971e-07 
 1.57400000e+00  1.57400000e+00  5.22741971e-07 
 1.57500000e+00  1.57500000e+00  5.22741974e-07 
 1.57600000e+00  1.57600000e+00  5.22741974e-07 
 1.57700000e+00  1.57700000e+00  5.22741974e-07 
 1.57800000e+00  1.57800000e+00  5.22741971e-07 
 1.57900000e+00  1.57900000e+00  5.22741988e-07 
 1.58000000e+00  1.58000000e+00  5.22741974e-07 
 1.58100000e+00  1.58100000e+00  5.22741974e-07 
 1.58200000e+00  1.58200000e+00  5.22741971e-07 
 1.58300000e+00  1.58300000e+00  5.22741971e-07 
 1.58400000e+00  1.58400000e+00  5.22741974e-07 
 1.58500000e+00  1.58500000e+00  5.22741974e-07 
 1.58600000e+00  1.58600000e+00  5.22741978e-07 
 1.58700000e+00  1.58700000e+00  5.22741988e-07 
 1.58800000e+00  1.58800000e+00  5.22741988e-07 
 1.58900000e+00  1.58900000e+00  5.22741971e-07 
 1.59000000e+00  1.59000000e+00  5.22741963e-07 
 1.59100000e+00  1.59100000e+00  5.22741974e-07 
 1.59200000e+00  1.59200000e+00  5.22741988e-07 
 1.59300000e+00  1.59300000e+00  5.22741974e-07 
 1.59400000e+00  1.59400000e+00  5.22741974e-07 
 1.59500000e+00  1.59500000e+00  5.22741971e-07 
 1.59600000e+00  1.59600000e+00  5.22741981e-07 
 1.59700000e+00  1.59700000e+00  5.22741971e-07 
 1.59800000e+00  1.59800000e+00  5.22741978e-07 
 1.59900000e+00  1.59900000e+00  5.22741974e-07 
 1.60000000e+00  1.60000000e+00  5.22741988e-07 
 1.60100000e+00  1.60100000e+00  5.22741974e-07 
 1.60200000e+00  1.60200000e+00  5.22741978e-07 
 1.60300000e+00  1.60300000e+00  5.22741974e-07 
 1.60400000e+00  1.60400000e+00  5.22741971e-07 
 1.60500000e+00  1.60500000e+00  5.22741974e-07 
 1.60600000e+00  1.60600000e+00  5.22741974e-07 
 1.60700000e+00  1.60700000e+00  5.22741988e-07 
 1.60800000e+00  1.60800000e+00  5.22741988e-07 
 1.60900000e+00  1.60900000e+00  5.22741988e-07 
 1.61000000e+00  1.61000000e+00  5.22741988e-07 
 1.61100000e+00  1.61100000e+00  5.22741974e-07 
 1.61200000e+00  1.61200000e+00  5.22742031e-07 
 1.61300000e+00  1.61300000e+00  5.22742031e-07 
 1.61400000e+00  1.61400000e+00  5.22741981e-07 
 1.61500000e+00  1.61500000e+00  5.22741981e-07 
 1.61600000e+00  1.61600000e+00  5.22741988e-07 
 1.61700000e+00  1.61700000e+00  5.22742045e-07 
 1.61800000e+00  1.61800000e+00  5.22741974e-07 
 1.61900000e+00  1.61900000e+00  5.22741988e-07 
 1.62000000e+00  1.62000000e+00  5.22741981e-07 
 1.62100000e+00  1.62100000e+00  5.22741988e-07 
 1.62200000e+00  1.62200000e+00  5.22741988e-07 
 1.62300000e+00  1.62300000e+00  5.22741924e-07 
 1.62400000e+00  1.62400000e+00  5.22741988e-07 
 1.62500000e+00  1.62500000e+00  5.22742045e-07 
 1.62600000e+00  1.62600000e+00  5.22742049e-07 
 1.62700000e+00  1.62700000e+00  5.22742010e-07 
 1.62800000e+00  1.62800000e+00  5.22741988e-07 
 1.62900000e+00  1.62900000e+00  5.22741974e-07 
 1.63000000e+00  1.63000000e+00  5.22741981e-07 
 1.63100000e+00  1.63100000e+00  5.22741988e-07 
 1.63200000e+00  1.63200000e+00  5.22742024e-07 
 1.63300000e+00  1.63300000e+00  5.22741981e-07 
 1.63400000e+00  1.63400000e+00  5.22741988e-07 
 1.63500000e+00  1.63500000e+00  5.22741981e-07 
 1.63600000e+00  1.63600000e+00  5.22741988e-07 
 1.63700000e+00  1.63700000e+00  5.22741974e-07 
 1.63800000e+00  1.63800000e+00  5.22742031e-07 
 1.63900000e+00  1.63900000e+00  5.22741988e-07 
 1.64000000e+00  1.64000000e+00  5.22741981e-07 
 1.64100000e+00  1.64100000e+00  5.22741988e-07 
 1.64200000e+00  1.64200000e+00  5.22741981e-07 
 1.64300000e+00  1.64300000e+00  5.22741974e-07 
 1.64400000e+00  1.64400000e+00  5.22742024e-07 
 1.64500000e+00  1.64500000e+00  5.22741974e-07 
 1.64600000e+00  1.64600000e+00  5.22742035e-07 
 1.64700000e+00  1.64700000e+00  5.22741988e-07 
 1.64800000e+00  1.64800000e+00  5.22741988e-07 
 1.64900000e+00  1.64900000e+00  5.22741988e-07 
 1.65000000e+00  1.65000000e+00  5.22742035e-07 
 1.65100000e+00  1.65100000e+00  5.22741988e-07 
 1.65200000e+00  1.65200000e+00  5.22742031e-07 
 1.65300000e+00  1.65300000e+00  5.22741988e-07 
 1.65400000e+00  1.65400000e+00  5.22741988e-07 
 1.65500000e+00  1.65500000e+00  5.22741988e-07 
 1.65600000e+00  1.65600000e+00  5.22742056e-07 
 1.65700000e+00  1.65700000e+00  5.22741981e-07 
 1.65800000e+00  1.65800000e+00  5.22741988e-07 
 1.65900000e+00  1.65900000e+00  5.22742031e-07 
 1.66000000e+00  1.66000000e+00  5.22742024e-07 
 1.66100000e+00  1.66100000e+00  5.22742035e-07 
 1.66200000e+00  1.66200000e+00  5.22742024e-07 
 1.66300000e+00  1.66300000e+00  5.22741988e-07 
 1.66400000e+00  1.66400000e+00  5.22742031e-07 
 1.66500000e+00  1.66500000e+00  5.22741981e-07 
 1.66600000e+00  1.66600000e+00  5.22742031e-07 
 1.66700000e+00  1.66700000e+00  5.22741978e-07 
 1.66800000e+00  1.66800000e+00  5.22741988e-07 
 1.66900000e+00  1.66900000e+00  5.22742045e-07 
 1.67000000e+00  1.67000000e+00  5.22741981e-07 
 1.67100000e+00  1.67100000e+00  5.22741974e-07 
 1.67200000e+00  1.67200000e+00  5.22742031e-07 
 1.67300000e+00  1.67300000e+00  5.22742024e-07 
 1.67400000e+00  1.67400000e+00  5.22741988e-07 
 1.67500000e+00  1.67500000e+00  5.22742035e-07 
 1.67600000e+00  1.67600000e+00  5.22741974e-07 
 1.67700000e+00  1.67700000e+00  5.22742006e-07 
 1.67800000e+00  1.67800000e+00  5.22741974e-07 
 1.67900000e+00  1.67900000e+00  5.22742010e-07 
 1.68000000e+00  1.68000000e+00  5.22741988e-07 
 1.68100000e+00  1.68100000e+00  5.22741988e-07 
 1.68200000e+00  1.68200000e+00  5.22741988e-07 
 1.68300000e+00  1.68300000e+00  5.22742031e-07 
 1.68400000e+00  1.68400000e+00  5.22741988e-07 
 1.68500000e+00  1.68500000e+00  5.22741974e-07 
 1.68600000e+00  1.68600000e+00  5.22742006e-07 
 1.68700000e+00  1.68700000e+00  5.22742031e-07 
 1.68800000e+00  1.68800000e+00  5.22741988e-07 
 1.68900000e+00  1.68900000e+00  5.22741988e-07 
 1.69000000e+00  1.69000000e+00  5.22741988e-07 
 1.69100000e+00  1.69100000e+00  5.22741974e-07 
 1.69200000e+00  1.69200000e+00  5.22741988e-07 
 1.69300000e+00  1.69300000e+00  5.22742024e-07 
 1.69400000e+00  1.69400000e+00  5.22742031e-07 
 1.69500000e+00  1.69500000e+00  5.22742045e-07 
 1.69600000e+00  1.69600000e+00  5.22742010e-07 
 1.69700000e+00  1.69700000e+00  5.22742056e-07 
 1.69800000e+00  1.69800000e+00  5.22741988e-07 
 1.69900000e+00  1.69900000e+00  5.22741999e-07 
 1.70000000e+00  1.70000000e+00  5.22741981e-07 
 1.70100000e+00  1.70100000e+00  5.22741988e-07 
 1.70200000e+00  1.70200000e+00  5.22742017e-07 
 1.70300000e+00  1.70300000e+00  5.22742031e-07 
 1.70400000e+00  1.70400000e+00  5.22741981e-07 
 1.70500000e+00  1.70500000e+00  5.22742017e-07 
 1.70600000e+00  1.70600000e+00  5.22741974e-07 
 1.70700000e+00  1.70700000e+00  5.22741981e-07 
 1.70800000e+00  1.70800000e+00  5.22742056e-07 
 1.70900000e+00  1.70900000e+00  5.22741981e-07 
 1.71000000e+00  1.71000000e+00  5.22742056e-07 
 1.71100000e+00  1.71100000e+00  5.22742045e-07 
 1.71200000e+00  1.71200000e+00  5.22742010e-07 
 1.71300000e+00  1.71300000e+00  5.22742020e-07 
 1.71400000e+00  1.71400000e+00  5.22741988e-07 
 1.71500000e+00  1.71500000e+00  5.22742031e-07 
 1.71600000e+00  1.71600000e+00  5.22741974e-07 
 1.71700000e+00  1.71700000e+00  5.22741988e-07 
 1.71800000e+00  1.71800000e+00  5.22741988e-07 
 1.71900000e+00  1.71900000e+00  5.22742017e-07 
 1.72000000e+00  1.72000000e+00  5.22742045e-07 
 1.72100000e+00  1.72100000e+00  5.22742010e-07 
 1.72200000e+00  1.72200000e+00  5.22742045e-07 
 1.72300000e+00  1.72300000e+00  5.22741988e-07 
 1.72400000e+00  1.72400000e+00  5.22742031e-07 
 1.72500000e+00  1.72500000e+00  5.22741988e-07 
 1.72600000e+00  1.72600000e+00  5.22741988e-07 
 1.72700000e+00  1.72700000e+00  5.22741988e-07 
 1.72800000e+00  1.72800000e+00  5.22741988e-07 
 1.72900000e+00  1.72900000e+00  5.22741988e-07 
 1.73000000e+00  1.73000000e+00  5.22741988e-07 
 1.73100000e+00  1.73100000e+00  5.22741974e-07 
 1.73200000e+00  1.73200000e+00  5.22741981e-07 
 1.73300000e+00  1.73300000e+00  5.22741978e-07 
 1.73400000e+00  1.73400000e+00  5.22742017e-07 
 1.73500000e+00  1.73500000e+00  5.22742020e-07 
 1.73600000e+00  1.73600000e+00  5.22741988e-07 
 1.73700000e+00  1.73700000e+00  5.22741974e-07 
 1.73800000e+00  1.73800000e+00  5.22742031e-07 
 1.73900000e+00  1.73900000e+00  5.22742031e-07 
 1.74000000e+00  1.74000000e+00  5.22741988e-07 
 1.74100000e+00  1.74100000e+00  5.22741974e-07 
 1.74200000e+00  1.74200000e+00  5.22742010e-07 
 1.74300000e+00  1.74300000e+00  5.22741981e-07 
 1.74400000e+00  1.74400000e+00  5.22741971e-07 
 1.74500000e+00  1.74500000e+00  5.22741974e-07 
 1.74600000e+00  1.74600000e+00  5.22741988e-07 
 1.74700000e+00  1.74700000e+00  5.22741988e-07 
 1.74800000e+00  1.74800000e+00  5.22741988e-07 
 1.74900000e+00  1.74900000e+00  5.22742031e-07 
 1.75000000e+00  1.75000000e+00  5.22742045e-07 
 1.75100000e+00  1.75100000e+00  5.22742027e-07 
 1.75200000e+00  1.75200000e+00  5.22741974e-07 
 1.75300000e+00  1.75300000e+00  5.22741988e-07 
 1.75400000e+00  1.75400000e+00  5.22741988e-07 
 1.75500000e+00  1.75500000e+00  5.22742031e-07 
 1.75600000e+00  1.75600000e+00  5.22742024e-07 
 1.75700000e+00  1.75700000e+00  5.22742017e-07 
 1.75800000e+00  1.75800000e+00  5.22741988e-07 
 1.75900000e+00  1.75900000e+00  5.22741988e-07 
 1.76000000e+00  1.76000000e+00  5.22741988e-07 
 1.76100000e+00  1.76100000e+00  5.22742045e-07 
 1.76200000e+00  1.76200000e+00  5.22742045e-07 
 1.76300000e+00  1.76300000e+00  5.22741988e-07 
 1.76400000e+00  1.76400000e+00  5.22741981e-07 
 1.76500000e+00  1.76500000e+00  5.22742045e-07 
 1.76600000e+00  1.76600000e+00  5.22741981e-07 
 1.76700000e+00  1.76700000e+00  5.22741988e-07 
 1.76800000e+00  1.76800000e+00  5.22741988e-07 
 1.76900000e+00  1.76900000e+00  5.22741971e-07 
 1.77000000e+00  1.77000000e+00  5.22741988e-07 
 1.77100000e+00  1.77100000e+00  5.22741974e-07 
 1.77200000e+00  1.77200000e+00  5.22742024e-07 
 1.77300000e+00  1.77300000e+00  5.22741988e-07 
 1.77400000e+00  1.77400000e+00  5.22742006e-07 
 1.77500000e+00  1.77500000e+00  5.22741988e-07 
 1.77600000e+00  1.77600000e+00  5.22742024e-07 
 1.77700000e+00  1.77700000e+00  5.22742045e-07 
 1.77800000e+00  1.77800000e+00  5.22742024e-07 
 1.77900000e+00  1.77900000e+00  5.22741988e-07 
 1.78000000e+00  1.78000000e+00  5.22742024e-07 
 1.78100000e+00  1.78100000e+00  5.22741971e-07 
 1.78200000e+00  1.78200000e+00  5.22742045e-07 
 1.78300000e+00  1.78300000e+00  5.22742031e-07 
 1.78400000e+00  1.78400000e+00  5.22741974e-07 
 1.78500000e+00  1.78500000e+00  5.22742049e-07 
 1.78600000e+00  1.78600000e+00  5.22741978e-07 
 1.78700000e+00  1.78700000e+00  5.22741981e-07 
 1.78800000e+00  1.78800000e+00  5.22741988e-07 
 1.78900000e+00  1.78900000e+00  5.22741981e-07 
 1.79000000e+00  1.79000000e+00  5.22741988e-07 
 1.79100000e+00  1.79100000e+00  5.22742006e-07 
 1.79200000e+00  1.79200000e+00  5.22742024e-07 
 1.79300000e+00  1.79300000e+00  5.22741988e-07 
 1.79400000e+00  1.79400000e+00  5.22741988e-07 
 1.79500000e+00  1.79500000e+00  5.22742024e-07 
 1.79600000e+00  1.79600000e+00  5.22742031e-07 
 1.79700000e+00  1.79700000e+00  5.22742024e-07 
 1.79800000e+00  1.79800000e+00  5.22741999e-07 
 1.79900000e+00  1.79900000e+00  5.22741988e-07 
 1.80000000e+00  1.80000000e+00  5.22741988e-07 
