 frequency       Tmag            Tphase         
 1.00000000e+00  7.20477803e+01 -3.75191272e-01 
 1.12201845e+00  7.20477321e+01 -4.20969973e-01 
 1.25892541e+00  7.20476714e+01 -4.72333878e-01 
 1.41253754e+00  7.20475950e+01 -5.29964219e-01 
 1.58489319e+00  7.20474988e+01 -5.94625243e-01 
 1.77827941e+00  7.20473777e+01 -6.67174295e-01 
 1.99526231e+00  7.20472252e+01 -7.48573112e-01 
 2.23872114e+00  7.20470333e+01 -8.39900473e-01 
 2.51188643e+00  7.20467917e+01 -9.42366354e-01 
 2.81838293e+00  7.20464875e+01 -1.05732776e+00 
 3.16227766e+00  7.20461047e+01 -1.18630639e+00 
 3.54813389e+00  7.20456227e+01 -1.33100843e+00 
 3.98107171e+00  7.20450160e+01 -1.49334647e+00 
 4.46683592e+00  7.20442524e+01 -1.67546409e+00 
 5.01187234e+00  7.20432912e+01 -1.87976294e+00 
 5.62341325e+00  7.20420815e+01 -2.10893285e+00 
 6.30957344e+00  7.20405590e+01 -2.36598503e+00 
 7.07945784e+00  7.20386431e+01 -2.65428842e+00 
 7.94328235e+00  7.20362323e+01 -2.97760940e+00 
 8.91250938e+00  7.20331991e+01 -3.34015471e+00 
 1.00000000e+01  7.20293836e+01 -3.74661733e+00 
 1.12201845e+01  7.20245850e+01 -4.20222480e+00 
 1.25892541e+01  7.20185514e+01 -4.71278906e+00 
 1.41253754e+01  7.20109674e+01 -5.28475610e+00 
 1.58489319e+01  7.20014385e+01 -5.92525326e+00 
 1.77827941e+01  7.19894721e+01 -6.64213042e+00 
 1.99526231e+01  7.19744539e+01 -7.44399011e+00 
 2.23872114e+01  7.19556207e+01 -8.34019925e+00 
 2.51188643e+01  7.19320266e+01 -9.34087278e+00 
 2.81838293e+01  7.19025046e+01 -1.04568158e+01 
 3.16227766e+01  7.18656216e+01 -1.16994074e+01 
 3.54813389e+01  7.18196297e+01 -1.30804045e+01 
 3.98107171e+01  7.17624133e+01 -1.46116403e+01 
 4.46683592e+01  7.16914378e+01 -1.63045901e+01 
 5.01187234e+01  7.16037033e+01 -1.81697764e+01 
 5.62341325e+01  7.14957140e+01 -2.02159941e+01 
 6.30957344e+01  7.13634738e+01 -2.24493515e+01 
 7.07945784e+01  7.12025219e+01 -2.48721560e+01 
 7.94328235e+01  7.10080253e+01 -2.74817143e+01 
 8.91250938e+01  7.07749389e+01 -3.02691796e+01 
 1.00000000e+02  7.04982406e+01 -3.32186312e+01 
 1.12201845e+02  7.01732332e+01 -3.63066157e+01 
 1.25892541e+02  6.97958867e+01 -3.95023689e+01 
 1.41253754e+02  6.93631790e+01 -4.27688617e+01 
 1.58489319e+02  6.88733790e+01 -4.60646700e+01 
 1.77827941e+02  6.83262199e+01 -4.93464820e+01 
 1.99526231e+02  6.77229257e+01 -5.25718934e+01 
 2.23872114e+02  6.70660884e+01 -5.57020636e+01 
 2.51188643e+02  6.63594175e+01 -5.87038422e+01 
 2.81838293e+02  6.56074136e+01 -6.15511167e+01 
 3.16227766e+02  6.48150209e+01 -6.42253171e+01 
 3.54813389e+02  6.39873070e+01 -6.67151748e+01 
 3.98107171e+02  6.31292025e+01 -6.90159403e+01 
 4.46683592e+02  6.22453140e+01 -7.11282877e+01 
 5.01187234e+02  6.13398092e+01 -7.30571140e+01 
 5.62341325e+02  6.04163628e+01 -7.48103835e+01 
 6.30957344e+02  5.94781479e+01 -7.63981085e+01 
 7.07945784e+02  5.85278598e+01 -7.78315086e+01 
 7.94328235e+02  5.75677570e+01 -7.91223532e+01 
 8.91250938e+02  5.65997117e+01 -8.02824738e+01 
 1.00000000e+03  5.56252628e+01 -8.13234183e+01 
 1.12201845e+03  5.46456665e+01 -8.22562210e+01 
 1.25892541e+03  5.36619423e+01 -8.30912604e+01 
 1.41253754e+03  5.26749142e+01 -8.38381834e+01 
 1.58489319e+03  5.16852459e+01 -8.45058758e+01 
 1.77827941e+03  5.06934701e+01 -8.51024655e+01 
 1.99526231e+03  4.97000140e+01 -8.56353473e+01 
 2.23872114e+03  4.87052190e+01 -8.61112212e+01 
 2.51188643e+03  4.77093580e+01 -8.65361377e+01 
 2.81838293e+03  4.67126484e+01 -8.69155479e+01 
 3.16227766e+03  4.57152639e+01 -8.72543532e+01 
 3.54813389e+03  4.47173425e+01 -8.75569552e+01 
 3.98107171e+03  4.37189944e+01 -8.78273021e+01 
 4.46683592e+03  4.27203069e+01 -8.80689339e+01 
 5.01187234e+03  4.17213497e+01 -8.82850232e+01 
 5.62341325e+03  4.07221781e+01 -8.84784137e+01 
 6.30957344e+03  3.97228362e+01 -8.86516546e+01 
 7.07945784e+03  3.87233589e+01 -8.88070328e+01 
 7.94328235e+03  3.77237741e+01 -8.89466016e+01 
 8.91250938e+03  3.67241038e+01 -8.90722070e+01 
 1.00000000e+04  3.57243656e+01 -8.91855114e+01 
 1.12201845e+04  3.47245733e+01 -8.92880153e+01 
 1.25892541e+04  3.37247380e+01 -8.93810768e+01 
 1.41253754e+04  3.27248685e+01 -8.94659292e+01 
 1.58489319e+04  3.17249718e+01 -8.95436974e+01 
 1.77827941e+04  3.07250534e+01 -8.96154125e+01 
 1.99526231e+04  2.97251175e+01 -8.96820225e+01 
 2.23872114e+04  2.87251676e+01 -8.97444177e+01 
 2.51188643e+04  2.77252064e+01 -8.98034221e+01 
 2.81838293e+04  2.67252359e+01 -8.98598207e+01 
 3.16227766e+04  2.57252578e+01 -8.99143565e+01 
 3.54813389e+04  2.47252731e+01 -8.99677549e+01 
 3.98107171e+04  2.37252827e+01 -9.00207275e+01 
 4.46683592e+04  2.27252871e+01 -9.00739732e+01 
 5.01187234e+04  2.17252865e+01 -9.01282029e+01 
 5.62341325e+04  2.07252809e+01 -9.01841338e+01 
 6.30957344e+04  1.97252700e+01 -9.02425078e+01 
 7.07945784e+04  1.87252533e+01 -9.03041000e+01 
 7.94328235e+04  1.77252297e+01 -9.03697268e+01 
 8.91250938e+04  1.67251982e+01 -9.04402602e+01 
 1.00000000e+05  1.57251570e+01 -9.05166348e+01 
 1.12201845e+05  1.47251038e+01 -9.05998652e+01 
 1.25892541e+05  1.37250359e+01 -9.06910537e+01 
 1.41253754e+05  1.27249497e+01 -9.07914123e+01 
 1.58489319e+05  1.17248406e+01 -9.09022725e+01 
 1.77827941e+05  1.07247027e+01 -9.10251045e+01 
 1.99526231e+05  9.72452876e+00 -9.11615371e+01 
 2.23872114e+05  8.72430943e+00 -9.13133811e+01 
 2.51188643e+05  7.72403308e+00 -9.14826510e+01 
 2.81838293e+05  6.72368501e+00 -9.16715909e+01 
 3.16227766e+05  5.72324666e+00 -9.18827072e+01 
 3.54813389e+05  4.72269471e+00 -9.21187991e+01 
 3.98107171e+05  3.72199977e+00 -9.23829968e+01 
 4.46683592e+05  2.72112486e+00 -9.26788022e+01 
 5.01187234e+05  1.72002341e+00 -9.30101349e+01 
 5.62341325e+05  7.18636837e-01 -9.33813839e+01 
 6.30957344e+05 -2.83108644e-01 -9.37974645e+01 
 7.07945784e+05 -1.28530580e+00 -9.42638828e+01 
 7.94328235e+05 -2.28807148e+00 -9.47868068e+01 
 8.91250938e+05 -3.29155266e+00 -9.53731451e+01 
 1.00000000e+06 -4.29593421e+00 -9.60306369e+01 
 1.12201845e+06 -5.30144871e+00 -9.67679483e+01 
 1.25892541e+06 -6.30838873e+00 -9.75947827e+01 
 1.41253754e+06 -7.31712219e+00 -9.85219999e+01 
 1.58489319e+06 -8.32811172e+00 -9.95617500e+01 
 1.77827941e+06 -9.34193883e+00 -1.00727620e+02 
 1.99526231e+06 -1.03593349e+01 -1.02034797e+02 
 2.23872114e+06 -1.13812200e+01 -1.03500244e+02 
 2.51188643e+06 -1.24087516e+01 -1.05142902e+02 
 2.81838293e+06 -1.34433889e+01 -1.06983913e+02 
 3.16227766e+06 -1.44869743e+01 -1.09046877e+02 
 3.54813389e+06 -1.55418454e+01 -1.11358147e+02 
 3.98107171e+06 -1.66109888e+01 -1.13947178e+02 
 4.46683592e+06 -1.76982644e+01 -1.16846908e+02 
 5.01187234e+06 -1.88087470e+01 -1.20094054e+02 
 5.62341325e+06 -1.99492458e+01 -1.23728950e+02 
 6.30957344e+06 -2.11290597e+01 -1.27794050e+02 
 7.07945784e+06 -2.23609267e+01 -1.32329664e+02 
 7.94328235e+06 -2.36619596e+01 -1.37365660e+02 
 8.91250938e+06 -2.50543061e+01 -1.42909172e+02 
 1.00000000e+07 -2.65655517e+01 -1.48928621e+02 
 1.12201845e+07 -2.82290280e+01 -1.55330299e+02 
 1.25892541e+07 -3.00832457e+01 -1.61918012e+02 
 1.41253754e+07 -3.21674749e+01 -1.68326847e+02 
 1.58489319e+07 -3.45073599e+01 -1.73935821e+02 
 1.77827941e+07 -3.70805223e+01 -1.77809139e+02 
 1.99526231e+07 -3.97538422e+01 -1.78847990e+02 
 2.23872114e+07 -4.22293550e+01 -1.76544621e+02 
 2.51188643e+07 -4.41596033e+01 -1.72239329e+02 
 2.81838293e+07 -4.54743165e+01 -1.68800256e+02 
 3.16227766e+07 -4.64329183e+01 -1.68122191e+02 
 3.54813389e+07 -4.73154944e+01 -1.70239918e+02 
 3.98107171e+07 -4.82632272e+01 -1.74412451e+02 
 4.46683592e+07 -4.93126231e+01 -1.79935802e+02 
 5.01187234e+07 -5.04531326e+01 -1.86332934e+02 
 5.62341325e+07 -5.16586408e+01 -1.93315041e+02 
 6.30957344e+07 -5.29003577e+01 -2.00712309e+02 
 7.07945784e+07 -5.41512603e+01 -2.08420969e+02 
 7.94328235e+07 -5.53872844e+01 -2.16369107e+02 
 8.91250938e+07 -5.65874725e+01 -2.24496162e+02 
 1.00000000e+08 -5.77339318e+01 -2.32741575e+02 
 1.12201845e+08 -5.88118815e+01 -2.41039585e+02 
 1.25892541e+08 -5.98098077e+01 -2.49318195e+02 
 1.41253754e+08 -6.07196377e+01 -2.57500964e+02 
 1.58489319e+08 -6.15368195e+01 -2.65510545e+02 
 1.77827941e+08 -6.22602200e+01 -2.73272989e+02 
 1.99526231e+08 -6.28918055e+01 -2.80721965e+02 
 2.23872114e+08 -6.34361280e+01 -2.87802194e+02 
 2.51188643e+08 -6.38996825e+01 -2.94471646e+02 
 2.81838293e+08 -6.42902228e+01 -3.00702353e+02 
 3.16227766e+08 -6.46161170e+01 -3.06479945e+02 
 3.54813389e+08 -6.48858039e+01 -3.11802225e+02 
 3.98107171e+08 -6.51073791e+01 -3.16677146e+02 
 4.46683592e+08 -6.52883178e+01 -3.21120559e+02 
 5.01187234e+08 -6.54353175e+01 -3.25154001e+02 
 5.62341325e+08 -6.55542366e+01 -3.28802725e+02 
 6.30957344e+08 -6.56501019e+01 -3.32094048e+02 
 7.07945784e+08 -6.57271608e+01 -3.35056055e+02 
 7.94328235e+08 -6.57889579e+01 -3.37716622e+02 
 8.91250938e+08 -6.58384219e+01 -3.40102738e+02 
 1.00000000e+09 -6.58779538e+01 -3.42240043e+02 
